10 10
6051134354
2321601626
4333237711
7100435246
1073373445
7444061776
7570714166
2261637531
6527302645
2035001421
50
2 3 4 1
8 7 8 6
8 2 10 7
2 5 8 5
2 1 3 1
10 3 6 6
10 6 2 4
10 8 4 5
3 1 5 5
1 4 4 5
10 8 9 7
5 8 3 7
10 8 7 8
2 8 2 9
2 2 10 2
5 5 7 2
8 10 7 3
6 5 3 5
1 10 2 1
1 6 2 10
10 1 7 9
2 2 1 2
5 1 10 9
8 4 1 2
2 6 8 6
5 4 9 8
9 7 4 6
9 10 3 5
6 7 5 4
10 8 10 7
7 10 8 5
8 7 4 6
8 10 5 6
2 5 2 6
6 3 2 4
4 3 3 8
1 1 1 8
4 4 3 1
1 9 7 4
7 8 2 5
9 5 4 9
3 4 7 3
1 6 6 7
3 6 7 7
2 9 10 7
6 3 1 8
9 9 5 6
1 2 6 2
9 4 5 2
8 8 2 7