1000
01012000
01022000
01032000
01042000
01052000
01062000
01072000
01082000
01092000
01102000
01112000
01122000
01132000
01142000
01152000
01162000
01172000
01182000
01192000
01202000
01212000
01222000
01232000
01242000
01252000
01262000
01272000
01282000
01292000
01302000
01312000
02012000
02022000
02032000
02042000
02052000
02062000
02072000
02082000
02092000
02102000
02112000
02122000
02132000
02142000
02152000
02162000
02172000
02182000
02192000
02202000
02212000
02222000
02232000
02242000
02252000
02262000
02272000
02282000
02292000
03012000
03022000
03032000
03042000
03052000
03062000
03072000
03082000
03092000
03102000
03112000
03122000
03132000
03142000
03152000
03162000
03172000
03182000
03192000
03202000
03212000
03222000
03232000
03242000
03252000
03262000
03272000
03282000
03292000
03302000
03312000
04012000
04022000
04032000
04042000
04052000
04062000
04072000
04082000
04092000
04102000
04112000
04122000
04132000
04142000
04152000
04162000
04172000
04182000
04192000
04202000
04212000
04222000
04232000
04242000
04252000
04262000
04272000
04282000
04292000
04302000
05012000
05022000
05032000
05042000
05052000
05062000
05072000
05082000
05092000
05102000
05112000
05122000
05132000
05142000
05152000
05162000
05172000
05182000
05192000
05202000
05212000
05222000
05232000
05242000
05252000
05262000
05272000
05282000
05292000
05302000
05312000
06012000
06022000
06032000
06042000
06052000
06062000
06072000
06082000
06092000
06102000
06112000
06122000
06132000
06142000
06152000
06162000
06172000
06182000
06192000
06202000
06212000
06222000
06232000
06242000
06252000
06262000
06272000
06282000
06292000
06302000
07012000
07022000
07032000
07042000
07052000
07062000
07072000
07082000
07092000
07102000
07112000
07122000
07132000
07142000
07152000
07162000
07172000
07182000
07192000
07202000
07212000
07222000
07232000
07242000
07252000
07262000
07272000
07282000
07292000
07302000
07312000
08012000
08022000
08032000
08042000
08052000
08062000
08072000
08082000
08092000
08102000
08112000
08122000
08132000
08142000
08152000
08162000
08172000
08182000
08192000
08202000
08212000
08222000
08232000
08242000
08252000
08262000
08272000
08282000
08292000
08302000
08312000
09012000
09022000
09032000
09042000
09052000
09062000
09072000
09082000
09092000
09102000
09112000
09122000
09132000
09142000
09152000
09162000
09172000
09182000
09192000
09202000
09212000
09222000
09232000
09242000
09252000
09262000
09272000
09282000
09292000
09302000
10012000
10022000
10032000
10042000
10052000
10062000
10072000
10082000
10092000
10102000
10112000
10122000
10132000
10142000
10152000
10162000
10172000
10182000
10192000
10202000
10212000
10222000
10232000
10242000
10252000
10262000
10272000
10282000
10292000
10302000
10312000
11012000
11022000
11032000
11042000
11052000
11062000
11072000
11082000
11092000
11102000
11112000
11122000
11132000
11142000
11152000
11162000
11172000
11182000
11192000
11202000
11212000
11222000
11232000
11242000
11252000
11262000
11272000
11282000
11292000
11302000
12012000
12022000
12032000
12042000
12052000
12062000
12072000
12082000
12092000
12102000
12112000
12122000
12132000
12142000
12152000
12162000
12172000
12182000
12192000
12202000
12212000
12222000
12232000
12242000
12252000
12262000
12272000
12282000
12292000
12302000
12312000
01012001
01022001
01032001
01042001
01052001
01062001
01072001
01082001
01092001
01102001
01112001
01122001
01132001
01142001
01152001
01162001
01172001
01182001
01192001
01202001
01212001
01222001
01232001
01242001
01252001
01262001
01272001
01282001
01292001
01302001
01312001
02012001
02022001
02032001
02042001
02052001
02062001
02072001
02082001
02092001
02102001
02112001
02122001
02132001
02142001
02152001
02162001
02172001
02182001
02192001
02202001
02212001
02222001
02232001
02242001
02252001
02262001
02272001
02282001
03012001
03022001
03032001
03042001
03052001
03062001
03072001
03082001
03092001
03102001
03112001
03122001
03132001
03142001
03152001
03162001
03172001
03182001
03192001
03202001
03212001
03222001
03232001
03242001
03252001
03262001
03272001
03282001
03292001
03302001
03312001
04012001
04022001
04032001
04042001
04052001
04062001
04072001
04082001
04092001
04102001
04112001
04122001
04132001
04142001
04152001
04162001
04172001
04182001
04192001
04202001
04212001
04222001
04232001
04242001
04252001
04262001
04272001
04282001
04292001
04302001
05012001
05022001
05032001
05042001
05052001
05062001
05072001
05082001
05092001
05102001
05112001
05122001
05132001
05142001
05152001
05162001
05172001
05182001
05192001
05202001
05212001
05222001
05232001
05242001
05252001
05262001
05272001
05282001
05292001
05302001
05312001
06012001
06022001
06032001
06042001
06052001
06062001
06072001
06082001
06092001
06102001
06112001
06122001
06132001
06142001
06152001
06162001
06172001
06182001
06192001
06202001
06212001
06222001
06232001
06242001
06252001
06262001
06272001
06282001
06292001
06302001
07012001
07022001
07032001
07042001
07052001
07062001
07072001
07082001
07092001
07102001
07112001
07122001
07132001
07142001
07152001
07162001
07172001
07182001
07192001
07202001
07212001
07222001
07232001
07242001
07252001
07262001
07272001
07282001
07292001
07302001
07312001
08012001
08022001
08032001
08042001
08052001
08062001
08072001
08082001
08092001
08102001
08112001
08122001
08132001
08142001
08152001
08162001
08172001
08182001
08192001
08202001
08212001
08222001
08232001
08242001
08252001
08262001
08272001
08282001
08292001
08302001
08312001
09012001
09022001
09032001
09042001
09052001
09062001
09072001
09082001
09092001
09102001
09112001
09122001
09132001
09142001
09152001
09162001
09172001
09182001
09192001
09202001
09212001
09222001
09232001
09242001
09252001
09262001
09272001
09282001
09292001
09302001
10012001
10022001
10032001
10042001
10052001
10062001
10072001
10082001
10092001
10102001
10112001
10122001
10132001
10142001
10152001
10162001
10172001
10182001
10192001
10202001
10212001
10222001
10232001
10242001
10252001
10262001
10272001
10282001
10292001
10302001
10312001
11012001
11022001
11032001
11042001
11052001
11062001
11072001
11082001
11092001
11102001
11112001
11122001
11132001
11142001
11152001
11162001
11172001
11182001
11192001
11202001
11212001
11222001
11232001
11242001
11252001
11262001
11272001
11282001
11292001
11302001
12012001
12022001
12032001
12042001
12052001
12062001
12072001
12082001
12092001
12102001
12112001
12122001
12132001
12142001
12152001
12162001
12172001
12182001
12192001
12202001
12212001
12222001
12232001
12242001
12252001
12262001
12272001
12282001
12292001
12302001
12312001
01012002
01022002
01032002
01042002
01052002
01062002
01072002
01082002
01092002
01102002
01112002
01122002
01132002
01142002
01152002
01162002
01172002
01182002
01192002
01202002
01212002
01222002
01232002
01242002
01252002
01262002
01272002
01282002
01292002
01302002
01312002
02012002
02022002
02032002
02042002
02052002
02062002
02072002
02082002
02092002
02102002
02112002
02122002
02132002
02142002
02152002
02162002
02172002
02182002
02192002
02202002
02212002
02222002
02232002
02242002
02252002
02262002
02272002
02282002
03012002
03022002
03032002
03042002
03052002
03062002
03072002
03082002
03092002
03102002
03112002
03122002
03132002
03142002
03152002
03162002
03172002
03182002
03192002
03202002
03212002
03222002
03232002
03242002
03252002
03262002
03272002
03282002
03292002
03302002
03312002
04012002
04022002
04032002
04042002
04052002
04062002
04072002
04082002
04092002
04102002
04112002
04122002
04132002
04142002
04152002
04162002
04172002
04182002
04192002
04202002
04212002
04222002
04232002
04242002
04252002
04262002
04272002
04282002
04292002
04302002
05012002
05022002
05032002
05042002
05052002
05062002
05072002
05082002
05092002
05102002
05112002
05122002
05132002
05142002
05152002
05162002
05172002
05182002
05192002
05202002
05212002
05222002
05232002
05242002
05252002
05262002
05272002
05282002
05292002
05302002
05312002
06012002
06022002
06032002
06042002
06052002
06062002
06072002
06082002
06092002
06102002
06112002
06122002
06132002
06142002
06152002
06162002
06172002
06182002
06192002
06202002
06212002
06222002
06232002
06242002
06252002
06262002
06272002
06282002
06292002
06302002
07012002
07022002
07032002
07042002
07052002
07062002
07072002
07082002
07092002
07102002
07112002
07122002
07132002
07142002
07152002
07162002
07172002
07182002
07192002
07202002
07212002
07222002
07232002
07242002
07252002
07262002
07272002
07282002
07292002
07302002
07312002
08012002
08022002
08032002
08042002
08052002
08062002
08072002
08082002
08092002
08102002
08112002
08122002
08132002
08142002
08152002
08162002
08172002
08182002
08192002
08202002
08212002
08222002
08232002
08242002
08252002
08262002
08272002
08282002
08292002
08302002
08312002
09012002
09022002
09032002
09042002
09052002
09062002
09072002
09082002
09092002
09102002
09112002
09122002
09132002
09142002
09152002
09162002
09172002
09182002
09192002
09202002
09212002
09222002
09232002
09242002
09252002
09262002
