208 87 81
34 296 413
188 320 544
308 519 310
896 752 421
698 436 188
506 710 38
314 980 499
629 766 436
895 123 415
813 331 501
894 716 348
658 256 420
202 563 138
911 810 241
884 508 76
71 365 337
660 678 116
158 658 33
145 552 556
159 716 286
612 961 353
359 619 8
130 820 171
419 82 532
459 965 239
286 387 203
822 46 232
689 555 89
322 699 192
429 210 108
514 821 268
666 531 238
426 661 209
396 79 491
879 890 407
518 175 146
872 349 591
256 37 298
944 358 548
536 786 309
195 651 329
814 669 460
52 94 272
460 841 502
302 719 191
461 588 118
6 812 266
948 67 502
797 10 72
345 897 549
453 443 352
734 257 372
545 660 265
368 471 57
269 125 527
412 585 115
81 590 326
746 889 192
799 686 153
562 382 50
111 186 444
662 919 300
233 815 311
249 182 334
457 451 258
383 214 242
897 294 183
574 39 71
965 189 308
70 751 489
71 861 75
514 874 345
566 458 560
276 58 141
809 514 543
818 896 156
59 145 49
593 718 239
664 35 28
771 104 378
612 174 390
286 687 63
582 252 472
341 880 329
282 40 42
376 858 489
332 268 233
932 861 551
571 876 537
750 998 240
327 609 165
468 246 403
482 828 407
953 168 486
833 801 477
226 177 286
514 860 154
947 791 366
449 713 41
985 462 438
976 140 599
492 607 244
694 88 71
500 40 391
537 224 143
614 449 119
899 963 330
804 261 121
569 61 433
209 45 447
199 372 186
149 863 393
992 556 280
15 408 72
205 944 95
547 557 496
418 808 458
147 611 70
19 180 130
604 740 326
650 290 297
835 438 311
979 430 418
859 444 425
482 1000 569
328 898 477
623 315 84
232 814 495
101 184 26
382 787 165
707 788 255
755 975 44
17 953 273
835 163 268
59 996 67
579 324 165
656 298 431
539 530 596
385 982 180
410 364 318
527 422 506
933 529 432
776 545 136
401 379 251
468 790 246
887 368 321
203 375 19
833 266 500
981 650 281
960 412 196
77 290 218
334 222 498
917 349 42
453 749 221
503 569 362
900 807 329
621 9 44
991 193 121
890 173 170
122 484 133
718 561 422
87 246 195
984 163 96
425 967 396
597 821 164
558 10 10
239 2 6
294 2 1
614 3 7
935 5 3
20 2 3
41 10 16
988 3 2
283 9 56
678 6 20
994 5 8
115 5 7
597 10 21
271 5 17
469 10 63
151 9 24
745 1 2
937 10 7
290 4 8
610 4 3
749 7 15
960 3 6
215 9 33
151 9 10
9 10 1
912 10 43
927 7 5
142 3 3
890 2 6
597 1 1
859 2 1
290 3 2
127 7 14
311 9 29
512 8 28
664 1 1
786 7 7
919 10 21
753 10 53
570 6 15
753 7 2
941 6 21
602 2 5
332 4 2
752 8 31
331 3 1
571 9 15
218 9 37
910 1 2
882 2 3
799 4 7
56 5 8
966 6 7
447 9 1
944 10 70
170 10 26
36 3 4
468 2 4
312 1 1
457 5 2
796 3 3
242 8 13
86 6 5
452 2 1
652 5 13
253 6 14
567 1 3
378 10 21
310 4 6
113 10 4
710 7 4
501 1 1
777 6 2
141 7 1
276 1 1
228 3 2
383 9 58
961 9 16
881 10 13
702 2 2
657 2 3
544 4 9
771 2 4
302 5 6
585 10 50
913 9 7
809 1 2
602 3 5
817 4 2
765 5 4
903 2 5
729 7 18
485 7 27
256 1 3
845 5 4
257 9 14
743 7 13
517 1 2
662 7 2
485 4 11
100 6 4
568 6 14
741 10 39
396 7 7
376 3 3
606 1 3
663 3 8
283 2 4
426 3 8
675 7 3
29 9 4
496 8 13
972 9 16
874 6 10
856 1 1
206 6 25
484 1 2
851 3 1
908 10 5
176 5 13
714 3 1
482 9 7
854 10 3
668 5 10
177 2 2
283 7 2
538 10 6
739 1 2
699 10 36
135 7 6
827 3 10
228 4 4
608 7 1
356 4 9
571 3 10
628 5 4
133 4 8
396 2 2
404 2 1
581 6 8
250 3 2
495 2 5
109 1 3
61 8 13
282 10 47
921 7 23
537 2 3
964 7 20
53 2 4
63 2 1
170 1 3
791 6 12
55 6 10
168 6 15
444 9 10
116 10 17
410 8 16
272 1 1
736 5 12
851 9 19
103 1 3
320 1 3
727 8 36
637 5 11
755 10 58
301 5 1
957 6 24
504 8 28
337 3 8
212 3 4
61 5 10
780 6 5
568 5 16
829 1 2
327 7 33
696 9 57
152 5 2
287 10 19
64 7 11
535 10 75
467 10 4
380 1 1
714 8 31
227 6 1
734 5 10
678 10 74
230 4 7
96 2 2
898 6 16
725 2 6
73 10 5
750 10 40
371 5 13
365 2 5
74 5 3
899 5 4
492 4 1
162 9 43
412 9 40
577 5 3
574 7 17
463 9 10
22 9 2
818 5 9
32 10 28
342 8 6
92 10 41
136 1 1
762 2 2
33 1 2
188 4 10
692 8 42
925 9 52
656 7 9
57 10 52
916 2 2
559 5 1
567 10 21
36 2 3
863 4 5
476 1 1
596 2 6
675 8 32
733 4 8
485 2 4
708 9 35
597 9 51
699 5 10
120 3 5
326 7 11
542 3 7
341 10 43
890 4 6
858 6 19
413 10 36
588 8 26
76 6 18
320 5 13
752 6 27
836 3 3
606 4 7
249 4 10
455 6 18
500 3 1
689 7 27
132 7 2
394 2 3
383 2 1
667 5 4
985 2 4
200 10 9
786 10 31
44 6 6
943 5 18
919 5 14
457 7 26
912 10 50
585 2 1
173 1 1
149 5 8
836 6 23
425 4 10
311 7 7
32 1 2
797 1 1
370 8 34
988 1 1
781 5 17
365 10 19
195 8 5
458 5 15
761 1 1
702 1 1
441 4 12
772 2 2
439 2 3
223 1 1
867 1 2
755 7 9
553 1 1
246 8 3
736 8 29
161 2 4
860 2 5
183 5 9
344 5 14
857 9 36
928 6 24
845 2 2
134 5 6
941 2 3
751 9 23
44 9 16
129 8 5
37 2 1
917 7 7
490 3 4
743 10 65
456 7 16
697 2 6
308 2 5
451 5 5
181 10 3
904 8 30
708 4 5
68 3 4
422 2 2
993 5 14
703 2 2
955 9 5
300 8 18
689 8 34
855 10 51
960 3 8
213 10 14
798 9 6
409 1 3
254 5 3
909 8 23
274 4 5
778 5 10
66 3 2
239 10 51
990 9 18
501 3 9
106 10 34
425 10 48
596 4 10
712 4 3
582 8 36
550 5 3
628 2 5
913 1 1
289 2 6
308 2 5
677 8 24
166 2 4
845 9 55
58 3 2
861 4 11
558 4 10
98 3 5
225 5 3
440 5 8
56 3 6
284 9 59
921 6 8
80 2 1
14 1 1
280 3 6
854 1 1
515 10 19
328 4 5
530 6 16
816 1 3
333 4 4
539 6 15
858 8 34
886 1 3
38 2 3
544 6 1
952 2 6
595 9 34
31 1 1
254 6 7
867 10 32
602 10 55
272 7 4
73 5 7
767 2 6
861 5 3
617 9 41
132 3 5
983 5 17
609 9 40
417 7 19
338 9 42
349 2 3
176 7 19
186 3 2
658 3 1
148 1 3
468 2 5
649 7 5
219 5 9
995 2 4
11 1 2
807 1 2
591 7 31
249 4 9
170 3 7
898 1 1
384 10 77
574 8 23
499 9 1
763 5 14
234 5 3
865 3 1
280 5 11
198 5 3
91 5 7
465 2 1
642 6 25
752 9 26
778 9 42
680 2 2
524 7 11
702 4 3
858 3 6
225 2 4
283 2 4
97 9 18
112 10 15
146 3 5
199 10 20
491 9 49
718 4 1
540 7 2
467 7 18
440 1 1
707 5 13
791 1 1
588 2 4
130 7 16
694 8 3
75 8 22
739 5 1
272 7 22
537 5 4
815 6 14
654 2 4
496 4 10
807 1 2
226 2 2
210 6 1
182 2 6
175 3 1
416 4 5
901 10 47
192 4 6
513 9 23
850 5 17
947 1 2
916 8 17
254 7 14
806 1 1
120 7 23
208 2 6
314 2 2
256 5 13
121 9 8
671 8 32
345 7 16
82 2 3
10 7 4
175 5 6
3 4 2
882 3 6
785 8 11
898 3 4
387 5 14
904 5 12
297 10 70
372 1 1
354 2 4
805 8 24
258 10 35
888 1 2
461 8 8
877 5 2
328 1 3
30 6 6
479 4 5
326 5 3
486 1 2
213 5 15
664 3 3
310 2 3
358 2 4
473 8 29
262 6 9
197 5 3
597 5 10
805 10 63
608 7 13
661 2 1
844 5 13
806 5 16
780 2 1
552 7 3
370 10 12
268 7 26
854 3 10
424 9 35
700 6 5
36 9 26
588 2 3
615 7 11
2 8 8
211 1 2
0 0 0
