100

3712649580

2734851960

5987612034

4627319805

2135497068

1824956370

1467903582

9841263507

9475683021

7895036241

2581493067

5918340627

7621035849

9510648732

2938167504

5962107438

6974831520

6853712409

1476502893

8760391254

3825490167

8796152034

9058237416

2360489175

6029318547

2691835074

6013924587

7231684095

3715402869

4816703952

2619380475

6913250748

8936107245

7410328965

4672019385

1984762053

4703681925

8752639014

4875216390

1247806953

3508964217

5421783906

8913560742

6250714893

9256137840

5703941628

4392851076

7935802461

7419683052

1536908742

1294760853

1792345086

4057318296

5690743182

8295604731

5624718903

2391684570

6098421735

3710968254

9263870415

1563780429

8169352704

6238497015

2356840719

3586490217

1275986304

5780934261

7163549082

9315647280

1450976328

1873046529

6385719420

3260578149

9735284610

6345172890

6417230985

7864310925

6710534892

2394850167

7291643508

1940357826

3520974861

9143708652

1920647538

1625804937

2703568419

9345781602

6038547219

6357819042

6279304185

2065873419

9538061247

3125894670

6290178453

9546873210

5932047618

7043982561

3518297064

6732450981

2176095843
