256

1 16
2
7 16 8
7 13 12
16 11 6
16 9 1
11 2 4
13 15 29
16 6 14
15 14 3
6 1 12
6 3 17
11 5 27
2 4 20
13 8 19
11 12 30
9 10 15
10 5 10
10 3 26
10 13 5
3 14 28
10 4 19
10 15 29
5 6 29
5 8 3
8 16 16
4 1 28
15 11 10
14 7 28
14 9 5
10 12 30

14 20
7 17 6 19 11 10 1 16 12 18 4 14 8 3
19 14 30
14 4 8
19 17 5
14 9 22
4 1 13
17 10 17
9 2 18
9 15 26
9 11 29
19 13 6
2 20 15
1 7 18
7 3 5
3 18 7
1 16 26
4 5 3
17 12 29
17 6 11
16 8 1
2 8 4
2 12 13
2 11 2
2 1 14
12 13 2
1 20 4
1 9 29
2 10 19
20 5 16
2 6 30
9 16 15
1 15 30
16 18 27
6 19 23
12 14 20
12 3 26
16 17 23
6 7 12

5 7
4 2 3 5 1
6 4 29
6 1 12
6 3 2
3 7 17
3 2 1
2 5 4
5 4 3
4 2 2
2 1 17
4 7 19

1 3
1
2 3 30
2 1 29
1 3 14

4 6
1 5 2 4
2 3 19
3 1 4
3 6 28
1 4 10
4 5 15
6 1 20
1 5 23
3 4 10
1 2 27

6 13
1 8 4 10 5 11
2 8 6
2 9 30
9 3 29
3 12 2
8 10 8
12 1 5
12 7 2
2 5 3
12 11 28
3 6 29
9 4 14
10 13 15
1 8 21
1 9 20
8 7 27
8 4 30
7 3 29
10 11 27
10 6 15
11 5 8
7 13 18

6 7
1 6 5 4 2 7
5 4 27
4 6 13
4 3 6
6 2 12
4 1 9
4 7 12
1 6 25
6 7 10
5 3 26
3 2 4

9 16
9 13 6 3 11 10 5 1 2
3 4 5
3 5 1
3 2 15
3 16 9
3 15 10
4 11 28
15 10 9
11 13 9
16 14 13
14 12 14
13 8 14
5 7 11
4 1 29
12 6 14
14 9 30
5 14 23
14 13 13
14 7 3
5 2 19
2 9 7
14 4 14
4 10 26
9 3 17
7 8 27
14 1 26
1 12 25
5 15 20
1 6 24
5 11 29
10 16 17

7 8
4 1 2 6 7 5 3
8 4 21
8 2 30
4 5 27
4 6 6
5 7 2
7 1 19
4 3 29
4 7 4
6 8 12
4 1 28
6 3 17
6 2 9
2 5 22

2 5
2 1
1 3 26
1 5 21
1 2 11
1 4 2
4 3 28
4 2 9

5 7
5 4 6 1 7
4 1 30
1 3 6
1 2 8
3 6 29
4 7 3
6 5 18
2 4 27
4 5 28
4 6 4
5 7 19

3 7
2 7 5
7 4 24
4 6 15
7 2 1
6 5 24
4 1 10
7 3 26
6 7 8
7 1 6
6 2 29
6 3 12
2 5 24

3 4
2 3 4
3 2 15
2 1 28
3 4 29
1 3 9

2 5
5 3
1 2 24
1 4 5
4 3 5
1 5 15
4 2 8
1 3 4
3 5 5

3 8
4 6 3
5 8 24
5 3 11
5 6 24
8 2 6
2 1 20
6 4 7
8 7 17
5 1 17
1 4 8
1 7 6
8 6 22
7 2 13

4 5
5 2 3 1
5 4 22
5 3 13
3 2 14
4 1 20
3 1 8
1 2 14

1 2
1
2 1 1

1 11
7
2 11 4
2 1 25
1 9 12
1 5 26
2 7 27
5 4 3
1 8 1
5 10 16
8 3 14
2 6 27
9 4 15
4 2 20
2 10 18
10 3 26
10 8 18
9 11 17

9 10
3 5 9 4 8 1 10 6 7
3 7 18
3 10 26
3 4 27
7 5 16
3 9 7
9 1 30
1 2 24
10 8 11
2 6 29
5 9 4
9 7 20
5 8 27
9 2 3
9 10 12
5 3 19
8 1 17
5 4 9
5 6 28

3 4
4 2 3
3 1 14
3 4 10
3 2 26

7 19
15 13 16 14 6 5 10
15 6 14
6 9 30
9 7 9
9 8 26
15 13 12
13 11 17
11 3 4
15 1 8
7 16 17
9 14 3
6 18 19
8 2 1
11 17 26
13 12 6
15 4 16
13 5 24
5 19 25
12 10 23
4 5 5
4 8 10
4 3 17
4 9 1
3 16 18
8 6 8
3 17 19
19 12 29
3 15 2
8 13 18
7 10 22
10 14 9
4 1 19
9 2 13
15 11 25
19 18 4

3 7
7 5 3
5 2 16
5 7 29
5 4 25
2 6 23
6 1 28
6 3 7
7 3 4
3 4 27
7 6 13
4 1 16

4 7
6 5 4 1
1 2 13
2 7 20
1 6 16
2 4 8
4 3 23
2 5 6
1 7 11
7 4 10
7 6 12
7 3 18
1 5 4

2 4
4 1
1 4 16
1 2 4
2 3 29
3 4 16

5 7
5 6 7 4 2
6 3 6
3 4 7
3 2 22
4 1 20
1 7 19
1 5 17
6 2 15
6 5 27
3 7 6
2 4 15
3 1 14

2 7
5 2
1 4 29
1 7 30
1 5 7
1 6 25
1 3 16
5 2 18
3 5 19
3 7 17
7 2 25
5 4 12

2 6
3 4
3 4 6
3 6 10
6 2 21
3 5 22
6 1 20
6 5 29
3 1 25
5 4 6

5 8
6 4 2 8 3
1 4 13
4 5 11
4 8 23
4 7 14
1 6 14
8 2 15
2 3 27
6 4 26
6 7 26
1 3 18
1 8 23
8 5 30
4 2 6

1 10
10
4 10 19
4 1 26
4 9 15
10 6 20
9 8 15
4 5 15
1 2 14
1 7 3
8 3 11
3 1 19
1 6 4
4 7 19
2 9 4
7 5 11
4 8 12

10 16
16 15 8 10 13 3 5 4 12 11
2 4 13
2 3 25
2 5 4
5 13 12
4 16 17
16 11 23
4 10 11
13 1 12
5 7 22
5 15 29
7 9 7
13 12 4
4 8 20
15 6 12
7 14 23
9 13 10
13 16 19
13 8 21
13 3 11
9 10 27
9 14 12
16 1 19
3 11 22
13 7 29
1 12 5
3 15 26
7 6 19
6 4 13
1 5 10

9 13
3 6 5 4 2 10 9 1 11
1 4 20
4 7 17
4 6 28
1 2 6
6 3 12
3 5 6
7 9 10
5 12 15
4 8 29
3 10 22
2 13 15
5 11 9
2 9 9
2 5 23
9 12 14
5 13 29
12 4 23
13 6 21
12 7 3
8 10 11
2 11 14
8 1 12

9 20
4 9 8 13 1 14 18 20 16
9 8 4
8 17 23
17 6 1
6 11 23
11 2 30
6 4 7
17 1 17
9 16 5
2 15 18
15 12 21
12 13 27
11 5 26
5 10 9
5 7 20
13 3 8
5 18 1
18 19 8
18 20 5
18 14 23
7 6 4
6 19 2
7 20 2
20 8 24
8 2 8
2 5 9
19 16 23
16 12 18
13 4 25
17 3 16
7 9 6
7 14 16
2 1 3
3 10 7
9 18 26
4 15 20

17 18
2 17 12 4 8 5 9 14 10 18 13 15 7 6 16 1 3
12 14 9
14 5 29
12 4 30
4 17 16
17 3 25
4 9 20
5 18 30
9 1 21
9 16 1
17 2 7
16 6 23
18 10 5
18 8 3
18 11 2
3 15 28
3 7 23
4 13 19
16 2 10
2 12 11
12 17 20
2 15 4
12 8 18
8 13 25
13 7 4
17 1 25
15 4 1
2 9 25
9 18 3
4 5 14
2 3 5
15 14 7
8 6 24
13 11 9

8 10
6 5 9 4 7 8 3 10
1 6 6
1 5 28
1 3 15
6 8 1
5 4 8
3 10 11
1 7 4
4 9 3
3 2 20
3 9 20
9 8 10
9 2 24
3 6 3
3 7 26
6 4 15

2 9
7 9
6 8 23
6 5 16
5 2 17
2 4 7
2 3 5
3 1 8
1 7 14
1 9 1
1 5 20
1 2 25
5 3 14
2 6 12
5 8 16
6 9 18
7 4 28

14 17
8 7 13 17 10 9 16 12 11 1 6 2 3 5
5 8 22
5 1 9
8 17 26
8 14 20
5 7 11
14 12 15
8 10 13
8 6 1
1 2 19
7 11 23
7 15 16
1 16 10
15 3 30
7 4 21
3 13 18
16 9 8
1 3 4
1 6 27
3 10 27
10 15 15
6 17 16
15 4 17
17 9 7
3 7 25
10 12 16
7 16 18
12 2 15
6 5 4
6 11 17
7 14 1
3 8 18

3 4
3 2 4
4 3 11
4 1 26
3 2 11
3 1 16

3 14
9 6 1
4 5 9
4 10 7
4 14 27
5 2 1
4 11 29
4 7 13
10 8 2
11 3 14
7 9 2
5 13 13
4 12 19
8 1 27
3 6 14
4 6 22
6 9 10
9 1 1
10 12 2
8 14 22
14 11 4
10 13 3
12 7 23
12 3 21
7 5 23
14 2 17

10 20
4 5 14 3 7 18 1 11 13 8
18 10 13
18 19 18
18 11 3
11 3 6
3 9 11
18 20 30
19 14 14
18 13 29
13 1 23
9 2 17
19 15 28
3 5 26
18 7 14
19 16 14
10 4 27
19 6 7
13 17 15
17 8 5
13 12 1
10 16 15
10 2 8
16 11 13
2 4 1
16 18 5
10 5 29
5 12 2
16 14 9
3 19 4
4 8 14
18 15 16
18 1 30
5 17 28
5 7 6
19 13 5
3 20 21
4 6 24
6 9 23

1 3
2
2 1 22
2 3 24
1 3 8

13 17
3 4 11 6 10 17 5 15 1 12 13 2 8
9 10 15
10 11 28
9 8 21
11 5 19
8 6 18
9 3 27
5 2 4
11 14 7
3 4 18
2 12 8
2 7 6
14 17 19
2 16 21
2 15 12
16 1 1
1 13 2
14 10 24
11 9 29
10 6 27
9 5 4
5 7 7
5 8 6
5 3 18
14 4 13
8 1 25
14 2 30
14 13 13
3 16 5
7 17 18
4 15 25
16 12 15

13 18
16 13 11 14 8 4 1 12 2 5 15 17 10
11 10 6
10 3 26
3 18 17
18 16 4
11 15 22
18 17 28
15 13 3
17 4 10
17 8 20
4 12 24
13 1 14
3 14 3
11 5 5
14 7 24
10 6 7
7 2 23
12 9 17
5 15 17
5 14 4
14 1 28
1 7 26
1 4 15
14 16 21
5 13 29
15 10 4
15 8 9
4 18 15
4 9 4
13 3 15
7 11 15
1 6 6
3 2 9
2 12 4

1 11
5
8 6 29
8 4 12
6 10 26
6 1 12
10 2 13
10 5 4
10 3 2
8 9 6
3 11 9
5 7 30
7 4 22
4 10 15
4 11 12
4 9 7
10 8 9
4 6 12
9 2 30
2 3 26
8 1 9

4 14
14 10 12 9
13 14 6
14 5 23
13 3 15
14 7 28
5 1 12
3 8 14
14 10 9
5 6 19
10 4 1
10 2 12
8 9 18
7 12 4
14 11 4
11 1 6
1 10 1
11 2 7
11 7 18
7 5 15
14 3 20
7 4 20
2 12 11
2 8 7
12 6 13
7 13 11
5 9 21

5 16
1 6 5 15 12
3 14 11
14 5 6
3 9 25
14 4 22
14 10 21
9 12 26
5 7 15
5 2 25
7 8 6
12 11 18
12 6 2
2 15 2
14 16 12
9 13 3
13 1 29
9 4 28
9 15 6
4 13 8
4 2 10
9 8 25
8 1 19
13 10 12
10 11 4
9 16 25
13 7 6
7 12 16
8 5 11
10 3 30
10 6 8

9 18
12 2 3 10 18 5 7 9 8
9 10 8
9 7 20
10 3 12
7 6 20
9 5 7
5 2 15
2 18 2
3 13 25
6 15 28
18 11 5
18 14 12
9 17 13
7 1 22
14 4 27
15 16 14
7 8 2
8 12 25
18 9 17
18 1 1
1 16 1
18 3 10
18 7 25
18 17 27
11 10 24
17 5 8
1 4 27
7 12 15
4 15 19
10 2 16
12 6 10
4 8 24
10 13 3
10 14 18

2 13
12 2
13 11 16
11 1 30
11 4 24
1 8 5
13 9 17
1 5 6
13 2 16
8 12 3
4 3 25
13 7 11
13 6 28
6 10 23
5 6 5
5 3 28
1 4 26
6 9 15
5 11 15
5 13 9
4 8 26
3 2 25
4 10 16
5 7 3

6 15
8 10 7 6 15 3
6 8 18
6 2 6
8 1 27
2 14 16
2 7 15
8 12 29
12 15 23
7 13 10
14 11 24
6 4 22
13 3 16
8 9 10
9 10 28
13 5 29
1 9 7
9 15 24
1 11 1
9 14 17
11 4 24
14 12 10
11 10 1
12 13 27
9 5 3
9 7 26
11 3 14
3 6 26

1 8
5
8 2 4
2 7 23
8 5 4
7 1 4
7 6 6
7 3 29
1 4 15
6 5 26
6 2 5
2 1 24
6 4 17
1 8 5
8 3 12

4 13
11 12 8 3
13 9 13
9 6 26
13 2 23
2 10 30
9 8 23
2 1 27
8 5 14
1 7 10
10 3 16
8 4 10
2 11 25
11 12 30
4 13 3
13 10 20
13 12 1
13 5 10
10 1 30
1 6 19
8 3 5
13 11 26
12 7 15

4 7
6 4 3 5
3 4 16
4 7 11
3 1 8
4 2 21
7 6 24
7 5 9
2 1 30
2 6 26
6 4 25
2 7 29
7 3 14

6 18
3 1 2 13 11 18
14 9 12
14 12 5
9 3 24
14 13 1
14 7 17
13 17 15
3 6 10
3 16 28
9 18 17
12 11 3
3 2 24
6 5 29
7 10 26
16 4 5
5 8 5
4 15 25
4 1 8
3 8 9
3 10 23
3 14 21
10 17 24
14 4 4
10 15 17
3 18 22
18 5 25
3 12 7
8 7 26
7 16 19
7 11 13
4 13 11
14 1 12
10 2 21
15 9 24

1 2
1
2 1 27

2 6
2 1
4 5 10
5 6 27
6 1 9
1 2 17
1 3 9
6 3 13
3 4 3
4 1 7
3 2 30

8 15
3 13 14 6 12 11 15 2
2 10 24
2 15 12
15 3 19
3 1 25
3 6 26
15 9 19
2 4 11
4 7 19
15 12 21
10 14 26
4 5 24
15 13 24
10 11 16
2 8 21
6 14 26
14 3 24
14 4 3
6 5 8
5 15 13
5 1 28
15 10 13
1 9 16
3 12 15
15 11 12
5 13 18
14 2 11
6 7 5
12 8 25

10 11
9 5 3 2 4 6 8 7 1 10
8 9 28
9 3 18
9 7 24
8 10 6
10 4 9
8 11 25
7 1 4
11 2 20
11 5 14
4 6 16
3 2 6
3 4 6
2 1 24
3 10 7
2 8 28
1 6 17
2 5 26
11 7 29

8 18
18 9 13 14 4 1 16 8
10 17 3
17 13 16
17 4 14
10 5 5
5 1 2
5 6 2
5 7 21
4 8 29
8 14 4
1 11 9
4 18 9
8 2 24
17 12 14
10 15 13
2 9 8
1 3 28
14 16 27
13 10 8
4 1 7
12 7 23
13 9 8
10 14 16
13 16 18
14 18 27
1 6 16
17 11 3
12 5 23
10 2 25
13 3 25
3 8 4
11 15 28

4 17
5 11 4 9
6 14 11
14 9 26
9 12 9
6 3 29
9 1 17
6 11 15
12 13 10
13 4 18
3 16 12
16 10 26
3 7 24
1 5 20
10 8 5
14 2 26
16 17 2
9 15 11
7 2 29
2 12 12
2 9 29
7 1 20
12 15 5
12 3 19
3 17 16
9 13 1
12 16 20
7 6 4
15 11 6
3 4 18
3 8 13
12 10 27
10 5 27

2 5
3 2
1 5 26
1 2 6
5 4 13
2 3 28
3 1 6
3 5 23
3 4 19
5 2 1

2 20
10 4
11 15 27
11 12 17
15 8 19
15 18 28
11 2 5
11 19 10
11 1 19
18 4 3
4 3 9
3 7 7
15 6 19
7 13 24
8 20 24
3 5 25
4 9 10
9 17 27
8 10 16
10 16 26
13 14 13
11 16 19
16 1 25
11 6 5
16 13 16
16 7 17
7 4 14
16 14 17
11 18 26
14 15 25
4 5 21
6 3 10
6 20 27
18 10 14
6 9 27
6 17 26
13 19 19
10 12 28
6 2 29

4 8
6 8 4 5
1 5 4
1 2 14
2 4 9
5 8 25
4 6 5
8 7 28
8 3 23
4 1 2
1 8 16
8 2 16
6 3 9
4 5 2

2 14
5 1
8 9 25
8 1 15
1 3 14
9 13 29
8 12 23
12 14 12
3 4 30
9 6 23
9 7 24
7 10 25
1 11 9
3 2 13
3 5 11
6 2 30
6 7 26
2 5 28
6 14 13
7 4 25
5 10 7
6 11 8
2 12 12
10 9 9
11 8 28
8 13 15

7 19
19 16 3 12 7 18 17
1 7 6
7 13 25
7 14 9
14 6 13
14 2 27
1 5 14
13 17 16
1 4 22
7 10 4
2 18 11
6 19 19
17 16 11
14 11 27
2 15 20
4 12 28
15 3 15
16 8 24
11 9 28
2 19 15
2 12 15
2 3 14
3 5 14
2 4 6
5 13 22
12 6 22
3 1 5
13 14 24
12 8 15
12 10 4
6 18 4
5 15 23
6 16 20
1 17 9
14 9 25
8 11 12

12 16
6 1 13 12 8 11 3 7 9 16 2 4
5 14 8
14 8 30
14 1 17
8 15 27
8 16 18
15 11 6
5 9 24
11 12 8
16 6 1
16 7 25
15 2 1
2 4 7
15 10 4
15 13 17
10 3 20
5 16 11
14 13 28
13 6 12
14 12 25
5 10 13
6 3 30
10 7 19
3 11 6
6 2 14
15 9 24
13 8 17
14 4 22
6 1 24

5 10
4 9 7 1 3
1 10 26
10 3 21
10 6 4
3 2 1
3 8 19
6 7 21
3 9 27
7 4 6
1 5 11
9 5 25
5 4 26
5 10 21
9 6 4
9 8 10
9 2 24
5 3 13
6 1 10
5 7 28

2 19
7 9
2 18 28
18 17 21
17 4 2
18 12 2
4 13 4
17 9 25
17 15 14
9 14 25
9 16 16
2 5 22
16 1 20
1 11 20
17 19 1
19 7 9
1 8 17
9 10 19
11 6 2
11 3 15
13 1 10
13 15 26
15 8 19
1 3 8
8 5 10
13 18 29
13 12 26
5 19 2
15 6 14
19 16 13
11 9 22
13 10 7
16 17 2
15 2 1
8 4 17
5 14 27
5 7 9

12 13
11 13 5 4 8 6 9 2 10 7 1 3
1 2 1
2 7 25
1 12 23
2 5 12
7 8 7
5 4 4
8 11 15
8 6 16
1 10 3
6 13 18
13 3 14
11 9 27
12 11 10
11 1 5
11 7 8
12 10 12
1 9 13
1 5 28
10 2 18
2 6 27
2 13 24
5 3 12
11 4 27

2 8
8 6
6 4 20
4 1 30
4 2 3
6 5 14
2 3 27
4 8 20
5 7 7
6 8 25
6 1 30
4 7 21
7 2 30
4 3 1
2 5 8

3 6
3 2 1
2 1 17
1 5 27
1 6 15
1 4 11
4 3 8
4 6 3
5 3 12
5 2 7

2 5
1 2
2 1 25
2 4 7
2 3 23
4 5 29
5 3 28
4 1 28

2 4
2 3
3 4 12
3 2 19
4 1 27
1 3 5
1 2 8
2 4 9

14 18
9 17 5 13 16 1 4 11 10 8 3 7 12 6
4 9 28
4 6 11
9 5 27
5 13 14
6 1 5
6 14 11
1 10 23
9 11 26
14 2 24
10 16 14
4 18 16
13 17 15
6 15 12
17 3 27
4 8 1
1 12 28
2 7 14
18 1 9
1 15 26
18 5 5
5 11 18
18 9 27
18 12 25
5 2 30
5 7 28
5 6 1
9 16 28
5 10 15
15 17 7
10 14 4
4 3 28
16 8 17

1 10
1
7 9 8
9 1 5
1 4 3
4 6 13
7 5 10
4 3 25
9 2 25
4 10 25
7 8 17
6 2 9
9 4 6
9 3 30
3 5 22
2 1 4
3 10 23
6 8 26

9 10
2 6 10 8 9 3 4 5 7
6 2 16
6 5 25
5 9 14
5 7 1
9 8 16
2 3 26
6 1 22
6 4 24
5 10 8
9 7 20
8 1 15
7 10 1
1 5 8
7 4 29
5 2 14
6 3 19

11 19
6 4 16 11 19 10 3 13 9 2 1
19 3 1
3 1 1
1 5 27
3 9 30
19 16 9
3 12 4
3 6 26
1 7 26
5 2 13
3 18 28
19 14 22
18 15 2
12 4 8
19 17 27
17 11 13
19 13 25
12 8 8
14 10 14
4 2 23
4 10 4
2 15 28
2 11 23
11 7 13
11 9 2
7 12 10
7 19 1
10 3 3
7 18 21
9 6 9
9 1 24
7 17 11
11 14 10
6 13 4
13 5 15
15 16 28
13 8 29

2 15
7 5
9 2 20
9 6 16
6 5 15
2 1 23
5 11 18
11 15 3
5 14 16
15 4 30
5 10 26
11 3 10
14 7 14
10 12 27
4 8 5
10 13 8
14 10 27
14 3 19
14 8 21
14 9 16
9 13 6
13 7 9
8 6 25
9 1 26
3 4 5
14 11 28
3 2 5
14 15 12
8 12 28

12 17
9 17 2 4 7 1 10 6 11 15 3 16
16 8 9
16 15 5
15 3 29
16 1 11
16 2 24
16 11 22
3 14 2
16 17 8
15 7 9
11 12 11
3 4 12
2 9 1
16 5 10
5 6 28
17 10 27
2 13 15
15 5 7
1 3 26
5 9 19
3 13 1
15 12 5
13 17 21
5 10 20
17 8 24
4 11 15
1 2 18
12 7 8
17 6 5
17 14 11

3 10
1 6 4
7 9 18
9 4 27
9 2 22
2 8 6
4 6 22
2 5 3
4 3 7
2 1 28
1 10 25
3 1 23
1 9 18
3 5 16
3 7 28
5 10 21
10 4 16
5 8 10
3 6 8

3 7
1 7 5
6 7 26
6 1 26
1 2 10
1 4 29
2 3 23
4 5 23
7 5 20
5 1 25
5 2 16
1 3 23
2 4 4
4 6 7

1 8
5
3 6 25
6 4 10
4 7 23
3 2 23
3 1 15
4 5 26
7 8 24
8 5 16
5 7 8
5 6 25
5 3 11
8 2 8
4 1 4

4 8
3 2 6 1
1 4 28
1 7 21
7 6 7
4 2 9
6 8 4
1 5 18
6 3 7
6 5 17
6 2 26
2 7 9
6 1 22
3 8 26

8 19
4 10 5 3 12 6 11 17
4 7 13
7 14 14
14 9 16
7 5 2
4 2 25
4 3 22
14 19 26
3 18 25
2 17 22
17 6 28
9 16 21
3 13 21
18 12 24
6 15 28
12 8 12
16 1 26
7 11 27
4 10 4
19 15 29
19 6 11
6 13 17
15 14 10
13 8 30
13 1 4
15 11 2
1 3 21
12 4 4
3 10 17
13 18 11
14 16 18
10 2 10
1 9 17
10 5 16

4 15
13 6 9 8
14 9 24
14 11 22
9 13 26
9 1 16
14 4 6
14 6 10
6 3 29
3 12 18
9 10 24
12 8 21
12 2 11
11 15 8
13 7 14
15 5 3
8 7 4
7 11 13
8 4 13
8 13 5
11 3 23
4 10 27
7 5 14
9 15 23
10 6 17
6 2 12
8 14 14
15 1 27

5 16
14 11 2 7 16
9 14 16
9 10 11
10 8 26
8 4 19
4 13 17
13 15 29
8 7 30
13 11 8
14 6 18
13 5 18
5 1 25
5 3 12
14 2 19
11 12 2
15 16 11
7 2 7
2 4 27
4 10 11
10 16 6
10 1 18
16 12 30
10 13 24
16 3 26
13 8 2
2 11 9
3 14 20
3 9 7
9 15 19
15 6 28
4 5 5

3 4
4 3 1
4 1 3
4 3 20
1 2 30
2 3 9

2 7
5 7
5 6 2
5 3 23
3 4 2
4 1 10
1 7 29
7 2 1
1 2 21
2 4 25
7 5 22
6 3 17

9 11
10 11 3 9 8 5 2 4 7
2 6 27
6 3 8
3 11 22
3 4 23
3 1 13
3 7 1
3 5 13
3 8 26
1 10 7
5 9 15
5 1 13
5 11 2
1 7 23
5 6 6
7 8 26
3 10 23
5 2 1
1 4 24

1 2
1
2 1 2

10 11
1 3 2 8 7 6 9 5 10 4
9 7 8
7 4 2
9 11 26
9 10 18
9 2 23
9 6 28
7 5 17
6 3 28
9 1 28
3 8 5
3 7 14
3 1 24
1 8 23
1 2 2
7 6 29
6 11 9
3 10 12
1 4 26
3 5 20

12 17
15 4 11 8 6 12 17 5 3 9 1 16
15 3 30
3 16 26
15 13 19
16 9 9
15 10 23
13 12 18
15 1 25
12 17 25
12 7 19
15 8 5
16 2 21
13 4 16
15 5 16
10 6 2
9 14 16
4 11 5
3 14 26
14 16 4
5 6 9
15 7 26
15 9 22
16 10 16
7 11 9
14 1 17
9 13 5
5 2 30
10 17 3

13 16
4 7 1 8 12 3 11 13 5 14 16 6 9
15 11 11
11 10 27
10 16 3
11 2 6
16 13 17
13 1 6
10 3 7
11 8 28
11 6 5
13 9 9
1 5 10
5 4 20
8 12 27
1 14 25
2 7 22
6 12 12
6 4 5
6 8 9
4 9 17
12 13 26
9 14 15
12 15 23
8 16 1
15 7 5
8 5 9
14 10 29
4 1 27
14 11 1
5 3 13
9 2 21

1 8
6
4 7 28
7 6 27
4 2 3
6 8 1
2 3 25
8 1 28
7 5 19
4 1 24
1 3 4
1 2 15
3 7 7
4 6 10

3 6
6 3 2
2 5 25
5 6 3
6 4 18
6 1 27
2 3 6
6 3 19
1 5 12

1 3
1
3 1 27
1 2 17
2 3 1

5 8
7 2 8 6 5
4 3 9
3 5 21
3 8 21
4 7 25
7 2 23
7 1 12
7 6 29
1 5 25
1 8 3
8 7 30
5 6 12
3 2 10
6 4 26

3 9
6 3 7
9 5 25
5 3 7
3 8 13
8 4 10
5 2 30
5 7 29
4 6 4
4 1 26
1 9 5
9 2 16
9 7 20
1 6 29
7 3 15
4 5 28

2 4
3 4
1 2 12
2 4 7
2 3 9
1 4 14
4 3 9

5 7
3 5 6 2 1
7 5 26
5 4 29
5 1 9
1 3 16
1 6 2
1 2 18
1 7 7
2 5 30
7 6 22
6 3 11
3 4 14

5 18
2 17 9 8 18
12 18 12
12 9 20
9 10 27
12 14 27
18 3 21
14 8 21
3 16 1
14 1 27
12 13 10
13 11 30
8 2 16
3 4 1
3 7 12
8 6 26
12 15 8
10 17 7
1 5 25
18 7 24
18 10 3
7 1 18
10 15 3
18 14 1
18 13 17
15 3 5
15 11 13
3 12 20
10 8 23
7 4 16
4 9 23
9 6 3
6 2 19
10 5 26
14 17 5
17 16 14

1 17
4
13 4 16
4 8 16
13 16 23
16 7 29
13 9 11
4 6 28
13 5 3
6 12 23
13 10 16
5 14 24
10 3 10
12 1 10
3 15 2
7 2 27
8 17 25
6 11 3
8 12 20
8 1 29
1 11 8
8 16 19
8 2 20
1 10 3
10 7 22
2 9 23
8 6 13
9 3 7
1 15 21
2 5 24
9 4 4
13 14 24

6 14
8 4 10 7 11 6
2 3 5
2 8 28
3 9 19
9 6 28
9 14 20
6 12 10
12 1 25
6 10 2
12 11 26
9 4 14
11 5 9
9 13 25
2 7 4
3 7 19
7 6 5
7 1 21
1 9 4
10 12 19
1 8 20
6 13 18
10 14 18
1 2 4
7 4 27
3 5 1
9 11 26

3 7
7 4 6
5 2 20
2 7 25
7 4 29
2 3 14
5 1 17
1 6 21
3 5 12
5 4 13
4 2 18
7 6 23

4 18
16 14 12 11
12 14 15
12 16 1
12 5 19
16 10 27
14 13 18
14 2 8
10 4 12
14 1 5
5 17 10
14 9 6
13 6 5
4 7 6
6 8 13
9 18 22
18 15 12
2 3 2
3 11 7
2 9 15
2 13 20
9 7 17
7 14 8
2 18 1
2 1 24
14 8 17
18 16 6
8 10 6
7 11 10
9 12 20
18 5 9
9 17 8
5 4 20
4 15 4

1 2
2
1 2 4

1 6
4
3 6 18
3 5 30
3 1 2
1 4 21
4 2 22
1 5 11
5 4 13
4 3 4
5 6 20
5 2 30

4 9
6 7 1 4
4 5 21
5 7 23
5 2 14
7 9 28
2 3 3
9 1 15
7 6 29
4 8 26
5 6 7
6 2 20
5 8 10
8 7 24
4 1 23
4 9 24
4 3 14

5 9
5 2 6 7 4
8 5 18
8 9 22
9 6 27
8 7 8
8 2 1
8 1 29
2 3 25
5 4 27
9 1 7
1 4 29
4 8 10
1 2 27
2 7 3
7 5 16
7 3 25
4 6 9

8 11
8 7 2 9 4 1 11 3
8 2 13
8 7 7
7 6 1
8 5 5
8 10 17
10 11 30
7 4 6
7 1 10
2 3 4
3 9 30
11 5 13
10 3 19
11 1 19
1 6 30
11 4 28
10 7 10
7 9 16
6 2 29

6 13
5 10 1 12 2 13
2 10 20
2 4 4
10 3 22
4 13 22
2 9 28
2 7 15
2 5 7
4 11 29
7 6 14
4 12 11
9 8 25
2 1 25
13 3 5
13 10 28
13 7 8
10 9 11
9 11 9
9 5 28
7 1 30
4 8 10
11 6 3

4 7
7 1 4 6
4 7 5
4 1 14
4 6 21
4 2 29
6 3 26
1 5 22
5 4 1
5 6 6
5 7 12
5 2 17
4 3 14

7 15
2 12 8 14 7 15 5
1 5 30
5 9 19
5 11 26
1 10 14
1 15 3
1 8 16
5 3 30
15 13 14
3 14 30
3 4 10
15 6 3
3 2 30
14 7 8
11 12 18
5 13 14
11 6 19
13 8 24
5 7 26
13 12 18
11 2 17
13 14 17
14 1 11
14 9 9
2 10 19
13 4 8
9 15 16
6 3 10

13 15
14 6 12 3 9 15 8 7 13 2 10 11 1
1 8 9
1 10 4
1 12 14
8 11 30
10 14 24
11 2 8
10 9 29
9 6 4
1 5 24
1 3 10
2 7 11
9 13 27
6 4 23
10 15 17
4 10 27
4 12 3
12 11 6
4 15 13
15 13 21
12 6 2
10 3 20
11 14 30
12 8 3
8 2 9
1 7 26
15 5 17

6 7
6 1 2 4 7 5
3 4 22
3 7 12
7 5 3
7 1 17
4 6 24
1 2 5
2 3 11
2 7 26
3 1 9
1 5 6
5 4 9

13 14
13 1 6 11 9 8 10 2 14 5 7 4 3
1 5 11
1 11 28
11 10 19
11 13 21
10 14 7
11 4 29
11 9 11
1 12 4
9 6 17
4 2 27
9 3 15
14 8 19
3 7 16
13 7 24
7 6 23
6 5 24
13 4 19
13 3 9
4 8 5
7 10 1
7 14 14
7 2 6
3 1 13
3 12 25

2 4
1 3
3 1 1
3 4 15
4 2 2
1 2 28

8 10
6 7 8 10 1 2 4 5
4 5 18
5 3 22
4 1 21
4 8 6
3 10 20
3 2 15
2 6 21
6 9 21
3 7 26
10 6 26
10 8 7
4 7 27
6 1 17
7 5 27
2 9 7

1 5
1
4 3 6
3 5 25
3 1 1
5 2 6
2 4 27
2 1 8
4 5 4

4 8
5 3 4 6
2 4 8
4 1 30
1 8 21
2 6 26
4 3 17
8 5 19
3 7 11
4 8 4
4 6 4
5 1 11
6 7 8
5 3 19

1 6
1
5 6 28
5 4 18
6 1 26
1 3 20
5 2 13
5 3 28
4 1 18

7 13
8 12 13 1 7 9 11
5 6 29
5 11 15
5 13 30
11 3 4
5 7 20
5 4 28
5 8 19
3 1 1
5 2 28
11 9 19
13 10 26
8 12 15
3 10 5
3 7 14
3 6 15
7 4 27
6 13 7
3 12 25
10 11 12
12 1 5
4 8 18
3 5 13
3 9 8

1 8
2
5 6 5
6 8 24
8 3 15
8 2 5
5 7 8
8 1 18
8 4 16
3 7 22
7 8 24
8 5 17
3 6 24

2 6
3 2
1 3 24
3 4 11
4 2 10
3 5 16
4 6 2
6 1 26
6 3 15
6 5 6

1 3
1
3 1 30
1 2 15
2 3 14

1 3
3
2 3 5
2 1 26

4 14
3 12 13 7
14 11 28
11 6 19
14 10 8
10 8 21
8 2 12
8 1 21
1 5 11
5 7 13
2 12 5
10 9 25
7 3 11
2 13 17
5 4 18
5 10 25
10 2 15
2 4 6
4 8 16
2 14 21
8 13 24
13 3 1
14 7 2
9 1 10
3 6 20
2 11 1
1 12 9

1 20
10
10 1 29
1 7 6
1 17 10
7 20 8
7 18 8
17 13 27
18 8 22
10 14 29
14 16 8
18 5 30
17 11 11
18 4 15
4 6 4
13 12 15
11 3 13
7 19 11
18 2 18
7 9 8
12 15 3
13 20 19
13 18 20
13 1 26
18 19 24
1 11 22
18 15 28
18 16 21
20 4 22
15 9 11
15 10 28
20 8 21
9 17 14
11 14 12
1 5 21
15 6 22
13 2 6
4 12 2
10 7 30
2 3 1

4 9
4 3 7 5
3 2 18
2 4 25
3 5 22
3 6 24
6 1 9
6 7 3
3 9 7
5 8 23
9 5 2
5 7 25
3 8 16
3 4 20
8 6 23
4 1 20
8 2 5

9 13
12 8 1 13 5 11 6 3 7
13 10 28
10 5 9
10 12 6
10 8 12
12 7 23
7 4 10
7 6 26
7 1 3
8 2 24
6 9 9
8 3 22
7 11 4
1 2 17
1 10 23
2 4 24
2 5 14
4 3 15
2 9 17
12 8 16
8 6 19
12 13 30

13 20
11 14 2 1 4 7 19 17 13 15 18 5 20
14 18 4
14 12 28
14 5 1
14 19 22
12 8 19
14 20 30
18 2 30
20 16 15
2 6 4
18 7 9
18 15 30
8 4 18
5 17 30
20 1 13
16 13 2
1 10 20
8 11 2
1 9 8
4 3 1
9 8 14
9 7 9
8 15 18
4 20 27
4 10 25
10 12 18
20 19 7
12 5 30
12 11 4
1 13 3
11 3 10
11 16 14
11 6 12
13 18 8

2 13
9 13
9 7 16
9 1 12
7 10 22
10 13 13
7 3 16
13 11 30
9 5 14
5 12 21
3 2 18
13 4 21
3 6 25
13 8 2
3 10 6
3 1 18
3 4 17
3 9 12
4 8 29
13 6 5
10 5 14
5 11 14
13 7 7

5 18
5 11 7 3 1
3 2 26
2 11 19
2 8 14
11 12 9
11 18 23
18 6 30
2 15 12
8 4 1
12 7 18
8 14 7
18 17 29
4 10 19
3 16 16
2 9 6
17 1 11
6 5 2
8 13 20
6 4 25
6 9 27
6 16 30
6 15 23
10 3 7
4 11 8
11 7 5
9 5 21
15 1 17
15 18 22
18 13 27
4 17 16
15 14 23
1 8 3
6 12 12
12 2 13

4 5
2 5 1 4
4 1 11
4 3 3
4 2 5
4 5 1

1 7
3
6 1 11
6 4 14
1 3 1
3 7 16
6 5 27
1 2 20
3 6 25
3 2 17
3 5 27

3 14
10 12 6
12 3 17
12 13 12
3 6 18
6 9 1
6 11 21
12 14 15
9 2 3
6 8 22
13 5 3
9 4 25
5 1 9
13 10 12
5 7 6
11 8 7
11 13 24
11 4 21
4 1 11
8 10 10
11 7 18
10 3 7
10 14 30
1 9 12
14 2 10
4 5 11
8 12 6
14 6 19

2 7
3 4
1 6 5
1 5 22
5 7 15
5 2 4
5 3 11
2 4 30
4 5 17
5 6 24
2 7 22
7 3 30
7 1 11

8 13
8 2 4 10 12 9 3 1
10 6 4
6 1 30
6 11 3
11 8 11
6 7 4
1 4 2
6 12 21
12 3 7
11 5 6
1 9 1
12 2 5
11 13 11
3 1 21
1 10 24
3 11 9
1 7 29
11 4 3
4 13 16
3 8 6
13 2 30
2 5 7

16 19
19 1 17 13 2 3 4 6 8 18 15 5 10 7 16 9
7 12 14
12 3 27
12 17 17
7 6 17
17 4 2
7 2 19
7 18 30
12 8 26
3 14 7
7 5 18
4 11 30
2 16 2
5 15 6
16 1 29
1 13 17
4 9 16
11 10 13
16 19 14
11 15 21
15 16 9
15 1 30
16 13 25
11 14 17
11 3 20
12 19 14
1 10 21
10 8 20
3 18 11
8 2 9
1 5 24
14 4 10
8 17 7
2 6 14
14 9 30

4 7
7 6 5 4
6 1 13
6 2 12
2 5 1
1 7 23
7 4 11
5 3 18
6 3 27
3 2 30
2 1 27
3 7 3
1 4 25
6 5 1

10 18
12 8 13 7 2 14 15 1 18 4
16 7 20
16 3 28
3 12 17
7 10 9
10 4 11
16 18 9
10 13 9
4 5 22
5 6 25
4 2 7
13 14 24
16 8 22
7 1 4
6 17 25
3 15 8
13 9 6
8 11 9
15 2 10
2 6 19
2 11 30
6 13 20
2 10 4
2 1 22
11 9 22
11 18 30
1 5 26
10 3 12
3 17 1
15 16 23
13 12 16
1 4 6
2 7 7
1 14 29
18 8 11

2 15
4 9
8 5 5
8 14 23
14 10 26
14 12 26
14 13 4
8 6 20
5 7 1
5 9 16
9 15 1
7 4 20
8 11 13
15 2 20
6 3 3
13 1 3
13 8 3
13 9 6
9 12 24
14 5 21
11 3 10
9 6 17
12 4 10
6 1 18
6 7 21
7 15 9
11 10 6
4 2 17

11 20
14 20 9 10 11 2 4 5 6 17 3
19 4 13
19 9 18
19 16 11
4 6 19
9 12 24
16 13 16
6 14 29
9 3 5
13 15 21
9 17 1
12 2 28
15 18 25
2 7 14
12 5 11
2 10 3
17 20 12
12 11 21
6 1 23
20 8 22
9 11 24
11 10 11
11 15 6
3 13 17
13 14 30
13 19 30
2 20 19
10 18 2
19 8 23
3 5 26
10 17 9
9 7 17
18 1 30
20 16 12
2 4 29
16 6 8

1 7
4
2 4 20
4 1 27
1 3 15
3 5 22
3 6 5
1 7 22
6 5 22
6 1 12
5 2 24
4 7 16

8 9
5 1 7 3 2 4 8 6
7 2 18
2 9 2
2 3 15
7 4 2
4 1 8
1 8 9
7 6 30
2 5 10
5 3 28
3 9 23
9 6 26
9 1 7
5 7 9
7 8 3
9 4 28

10 18
13 8 15 4 17 18 5 3 12 11
16 9 15
16 13 27
9 17 5
17 18 26
16 5 24
17 15 26
18 1 7
1 10 17
16 3 11
18 8 25
1 11 13
15 14 22
15 7 23
16 6 30
6 4 3
11 2 2
11 12 18
3 8 18
8 6 25
8 16 14
8 9 13
8 15 8
8 13 25
15 2 4
15 5 8
15 10 11
2 14 6
8 12 18
8 1 19
13 11 1
12 7 13
5 4 29

9 11
1 2 4 8 6 10 5 7 9
1 9 23
9 7 14
7 8 15
8 11 26
1 10 18
8 4 21
10 5 2
7 2 21
1 6 8
7 3 12
6 3 16
3 4 29
3 1 8
3 9 25
10 8 26
1 5 1
1 7 22
5 2 23
5 11 10

11 19
19 18 9 8 7 15 5 13 2 3 10
13 8 8
8 17 11
13 4 28
4 3 17
17 7 11
17 15 5
13 9 14
8 2 22
4 19 29
8 10 6
15 6 7
15 12 20
4 14 6
15 16 13
2 1 15
2 11 22
4 18 18
14 5 22
16 6 8
16 17 18
16 2 2
17 19 30
2 3 20
19 8 1
19 1 20
6 9 30
19 12 22
8 7 8
8 5 5
15 18 1
16 10 18
5 11 12
16 14 21

2 16
2 14
8 5 26
8 3 2
3 4 14
4 11 23
4 1 18
3 10 5
1 13 12
13 15 10
8 14 3
3 6 1
4 2 9
15 9 28
3 16 20
13 12 25
6 7 1
3 11 14
11 8 25
8 15 11
3 1 26
1 12 11
12 5 7
15 4 3
8 10 13
5 6 13
8 2 12
8 9 6
9 14 6
9 7 2

1 2
2
1 2 15

9 18
7 9 17 16 1 18 14 3 12
10 14 25
10 11 8
10 12 29
14 5 24
10 2 22
12 3 5
10 4 25
3 15 16
11 13 17
15 18 15
2 6 27
5 7 23
14 1 1
4 8 26
11 16 29
1 17 21
17 9 3
12 15 16
12 7 10
7 17 1
7 8 15
12 14 17
14 13 8
8 2 2
14 11 24
15 10 19
12 1 28
4 6 22
5 18 10
2 9 19
2 16 28

1 2
1
2 1 21

6 10
8 2 9 7 4 5
10 9 12
10 6 1
10 2 13
6 8 18
8 1 2
2 7 24
6 4 3
4 3 10
6 5 24
1 4 26
4 7 22
1 2 29
7 5 20
1 9 19
9 8 5
1 3 28

12 13
2 7 8 13 11 1 3 9 12 6 4 10
12 4 27
4 13 18
12 11 28
12 5 4
11 6 11
4 2 21
12 1 14
4 9 25
13 7 25
2 10 2
12 3 3
2 8 16
2 1 30
2 9 26
1 5 16
9 8 11
8 10 3
1 13 30
5 11 1
8 3 13
10 7 22
3 6 14

9 16
15 6 10 8 12 13 9 2 7
11 12 22
11 9 19
11 5 20
5 13 10
5 6 16
6 16 2
11 1 8
12 4 16
9 15 29
9 14 24
14 7 21
16 3 29
14 2 17
15 8 6
16 10 5
9 5 3
9 13 10
9 10 18
5 3 28
3 15 24
15 2 8
10 4 27
9 7 22
13 12 19
12 8 27
5 1 15
15 16 25
10 14 2
2 11 28
3 6 26

6 20
11 10 16 2 9 4
14 19 24
19 18 28
18 7 27
14 5 25
7 11 21
7 1 20
14 10 19
11 12 1
11 20 13
18 9 7
12 16 1
7 15 1
1 4 17
1 3 25
9 17 7
18 13 19
1 8 3
7 6 24
3 2 16
18 6 25
13 14 12
6 1 4
14 20 21
13 19 5
20 8 7
19 3 19
8 9 1
8 12 15
20 4 15
4 16 5
7 2 5
12 15 29
6 11 28
1 17 26
11 5 30
7 10 26

10 16
12 10 3 9 8 13 15 11 6 2
6 8 14
6 10 14
8 15 20
10 9 23
6 5 8
15 1 23
5 16 29
8 2 3
6 14 16
16 12 6
2 3 1
3 7 25
9 13 6
16 11 20
13 4 25
8 5 16
5 12 6
12 4 28
16 2 14
6 9 18
16 14 12
15 10 4
4 1 26
11 7 21
6 13 24

2 9
7 2
6 1 17
6 5 2
6 8 18
8 3 15
5 2 25
3 7 25
7 9 17
8 4 1
7 8 27
7 5 7
9 4 18
9 3 6
3 1 25

9 14
7 2 4 6 10 1 13 8 5
14 9 20
14 5 22
14 10 14
10 1 24
1 6 19
5 7 21
6 4 19
10 11 11
9 3 13
1 13 5
5 8 18
7 12 10
3 2 12
7 3 8
3 1 17
3 12 14
12 4 24
12 11 12
11 14 25
12 10 28
7 6 15
6 5 20
8 2 10

3 5
5 3 4
2 1 18
1 4 28
1 5 19
5 3 28
5 2 19
4 3 3

1 5
1
2 1 20
2 3 20
2 4 16
3 5 16
4 3 21
3 1 16
4 5 11

19 20
5 3 4 14 18 16 7 9 6 15 8 12 2 1 20 17 10 11 19
5 10 6
10 9 24
10 1 20
1 14 27
1 7 20
5 16 25
9 8 22
9 18 12
5 17 14
10 3 4
5 6 19
14 13 20
16 20 28
20 2 5
8 15 1
9 19 26
17 12 15
16 4 22
2 11 28
6 13 4
13 18 28
6 8 3
8 4 6
8 17 9
6 9 11
9 16 24
8 12 26
17 14 17
14 5 12
8 2 18
4 1 16
15 3 29
8 7 24
7 19 21
6 10 25
12 11 23

6 13
10 11 3 12 13 9
12 13 13
13 7 30
7 4 27
7 1 16
4 6 10
6 10 4
13 3 12
1 9 5
6 8 10
12 5 1
13 2 23
12 11 20
11 6 25
11 1 10
6 5 20
11 2 29
11 7 23
11 4 13
11 3 5
11 9 10
3 12 2
13 8 4

1 3
3
1 3 21
3 2 6

6 14
13 2 3 6 1 8
7 10 27
7 9 28
10 13 8
7 6 24
9 1 10
6 12 15
7 8 14
12 5 8
12 3 27
10 2 13
7 4 9
1 14 26
12 11 19
8 14 29
14 4 6
8 10 2
14 9 3
7 3 5
8 12 18
4 6 20
3 13 12
13 5 22
8 1 12
4 11 11
4 2 15

10 13
10 6 5 11 7 12 13 3 4 9
12 8 23
8 4 21
4 13 19
13 9 13
13 3 26
9 5 30
13 10 24
10 2 3
4 6 28
3 11 16
6 1 15
1 7 15
11 13 23
11 6 27
11 7 13
11 9 13
1 10 15
7 2 13
2 3 21
2 12 16
1 5 14
1 4 10
6 8 19

1 2
1
2 1 19

2 13
2 10
7 8 27
7 3 19
3 9 7
9 5 16
5 11 18
3 12 21
9 13 28
8 1 27
12 4 7
1 6 29
3 10 7
11 2 7
10 9 13
9 8 13
8 11 13
8 2 14
2 12 2
11 7 13
12 5 19
10 6 17
8 4 10
7 1 3

5 8
7 5 4 8 6
1 3 19
3 7 20
7 5 5
5 2 27
2 4 16
7 6 9
6 8 23
6 1 3
6 3 12
3 4 29
3 2 17
1 8 3
4 5 30

2 5
5 4
1 2 15
1 5 3
1 4 29
4 3 28
5 2 17
2 3 7
2 4 3

4 13
11 5 2 13
7 11 20
7 13 8
11 6 20
11 12 29
12 3 7
12 5 27
7 10 9
6 4 16
10 8 18
8 1 25
1 2 10
12 9 15
7 8 16
7 4 19
7 2 17
11 3 13
3 6 25
4 10 4
6 12 27
7 9 4
7 5 19

2 17
5 6
3 10 6
10 2 10
2 4 23
2 6 26
10 12 23
2 7 7
4 8 20
3 9 21
6 11 20
9 16 19
8 15 29
8 14 29
15 13 20
16 17 17
2 1 30
7 5 23
10 4 2
10 16 21
16 1 30
4 7 24
4 9 14
7 15 14
10 13 15
13 2 18
2 3 21
7 14 30
9 12 9
9 8 30
7 6 7
3 11 23
4 5 13

5 6
6 4 5 3 1
6 2 30
6 3 1
3 1 24
2 5 6
3 4 6
6 5 23
5 1 29
1 4 3

6 14
2 8 1 12 3 14
6 3 5
3 12 21
3 5 24
3 13 12
6 14 9
13 8 30
12 4 28
4 7 17
8 2 9
7 10 9
12 11 8
14 9 29
5 1 25
3 11 14
5 4 25
3 8 10
11 1 6
4 13 2
11 6 1
1 14 13
6 9 4
11 10 3
11 2 27

5 8
6 3 8 7 5
8 6 21
8 4 3
4 5 15
4 2 10
4 1 14
2 3 23
1 7 22
4 7 10
2 6 16
2 5 25
6 1 6
6 3 21
2 8 30

1 8
5
1 3 1
3 2 3
2 8 7
8 5 1
2 6 25
8 7 8
6 4 24
6 7 22
2 1 21
8 3 19

3 4
1 2 4
4 2 13
4 3 10
4 1 8
2 3 27
2 1 1

2 4
4 1
2 3 24
2 1 4
3 4 29
2 4 25
4 1 17

1 7
5
1 6 24
6 4 21
4 7 6
7 5 3
5 2 21
6 3 12
7 6 30
7 3 7
3 1 4
3 4 29
4 5 27
1 2 6

4 17
3 2 17 8
2 17 23
2 11 22
17 6 9
2 9 14
11 15 1
9 10 14
10 1 13
9 14 25
11 13 5
1 7 12
15 5 25
1 16 30
17 3 6
17 4 8
9 12 1
2 8 24
12 10 24
10 3 21
10 5 27
5 16 16
10 6 21
3 1 29
12 2 14
16 8 28
6 11 12
1 14 16
16 4 15
11 17 14
10 15 4
4 13 13

8 17
6 17 1 7 16 8 9 5
16 6 29
6 12 28
6 11 25
11 17 29
16 14 30
17 2 5
6 13 20
12 3 22
11 9 3
2 1 28
12 4 28
1 15 29
13 5 6
4 8 24
15 10 1
5 7 6
12 14 2
12 2 28
14 6 14
14 1 3
6 7 17
7 17 1
17 16 21
14 15 7
12 8 23
2 13 13
8 3 9
6 10 20
7 9 29
1 4 1

2 8
1 4
1 2 27
2 5 20
5 7 16
5 4 30
4 6 22
1 3 7
4 8 10
8 7 9
7 6 12
7 3 27
3 5 4
8 2 15
7 4 9
5 1 9

1 2
2
1 2 24

4 13
8 6 10 12
12 2 12
12 5 11
5 1 21
12 7 25
7 4 17
7 9 27
2 10 16
5 3 4
7 11 29
7 8 12
5 6 20
8 13 8
1 3 28
1 2 15
1 12 16
1 9 18
12 4 9
4 10 13
9 13 11
12 11 19
10 7 9
9 8 15

1 6
1
5 3 15
5 4 20
4 6 22
3 2 12
5 1 24
3 4 22
4 2 15
5 6 4

2 3
3 2
3 2 13
3 1 13
2 1 23

3 20
16 20 6
16 13 18
16 2 30
2 18 12
13 15 12
2 1 21
2 14 6
15 20 14
20 12 8
18 6 21
14 4 16
2 9 5
20 3 24
12 19 8
13 11 19
12 5 5
5 17 2
14 7 17
14 8 12
6 10 24
17 8 24
17 2 30
1 16 14
14 10 25
14 20 5
16 7 10
14 3 19
10 19 17
20 18 5
16 11 29
10 9 10
7 6 6
7 4 17

4 13
5 3 8 10
2 6 17
2 8 30
2 13 21
8 3 11
13 10 12
3 5 26
2 4 30
2 7 26
13 9 2
8 1 9
8 12 13
8 11 21
11 1 15
11 10 5
1 13 28
10 7 27
11 6 3
11 12 24
11 9 3
11 4 18
9 5 10
6 3 13

3 19
10 18 11
13 14 20
14 4 4
4 8 5
8 12 25
13 10 7
12 16 7
13 5 27
16 3 20
4 2 6
4 19 17
10 7 23
5 9 9
9 6 11
3 17 26
6 1 6
12 18 13
18 15 2
1 11 3
5 15 24
15 11 5
5 10 6
7 17 19
15 1 19
10 8 20
11 13 5
15 14 12
15 4 16
5 2 3
2 16 9
14 19 4
13 12 11
2 3 4
8 6 10
15 9 15
7 18 4

1 3
2
3 2 20
3 1 16

1 2
1
1 2 5

8 20
9 15 4 13 14 12 7 1
15 7 11
7 14 28
14 20 4
20 19 15
7 3 30
14 17 8
3 18 27
7 1 4
18 4 20
18 6 30
19 11 2
7 13 11
13 12 1
13 2 23
20 5 29
14 8 5
6 10 30
10 16 19
7 9 30
6 15 1
18 7 24
15 10 10
10 9 21
7 12 9
7 19 22
19 2 2
7 8 22
15 5 21
19 13 29
18 14 1
15 17 7
8 11 8
13 1 12
8 3 17
11 4 13
2 16 16
10 20 14

2 9
3 8
5 1 24
1 7 11
5 9 21
5 2 12
5 3 28
1 8 23
8 6 7
2 4 28
6 3 2
3 2 23
3 4 22
6 7 1
6 5 30
7 9 5
2 8 8

8 11
3 8 2 10 9 7 6 11
1 2 1
1 7 14
7 10 27
10 6 24
6 4 24
6 11 23
10 5 1
4 8 2
8 9 17
11 3 5
8 1 8
1 10 17
8 3 1
10 11 25
1 5 28
11 2 19
2 4 28
5 6 6
2 7 6

2 16
9 6
11 12 29
12 5 2
11 16 18
5 7 21
7 3 5
7 2 15
12 14 1
16 6 24
16 8 22
6 13 29
11 10 10
3 9 1
2 15 5
13 1 5
5 4 6
12 6 11
12 2 30
6 8 6
8 9 8
8 11 13
12 13 5
13 10 23
13 4 15
9 5 5
10 3 12
3 15 29
9 7 6
10 1 26

1 7
6
3 6 1
3 4 12
6 1 1
1 5 6
3 2 9
4 7 12
1 7 19
7 5 18
7 6 28
5 3 30

9 10
2 8 1 9 4 10 7 3 6
10 5 26
5 3 6
3 8 30
10 1 3
3 2 21
2 7 10
5 6 11
8 4 10
8 9 15
8 6 20
9 10 9
8 5 21
10 2 4
6 7 4
6 3 16
10 4 4

3 4
3 1 4
1 2 3
1 4 29
1 3 27
3 2 30

11 16
8 13 7 10 6 14 5 12 11 2 16
15 12 4
15 16 28
16 3 3
3 13 27
3 2 9
2 5 28
12 7 14
3 8 4
5 4 9
15 9 30
8 14 19
2 6 3
2 1 25
9 11 7
5 10 22
15 14 4
15 2 10
9 7 5
9 8 12
7 1 16
8 6 3
9 13 13
9 5 25
1 11 2
1 12 27
9 16 15
7 10 7
2 4 12
7 3 8

2 3
3 1
1 2 14
2 3 20

1 2
2
1 2 14

13 14
11 3 12 2 7 13 4 1 14 6 10 9 8
14 10 2
14 8 2
8 9 20
9 4 21
9 6 20
9 13 25
6 1 16
10 2 14
4 7 29
2 5 23
6 12 14
7 11 18
1 3 23
2 3 19
3 14 17
14 4 26
3 13 9
14 9 11
3 8 16
4 1 13
14 7 22
3 12 1
14 6 4
14 11 28

5 18
13 1 9 4 3
18 15 29
15 3 29
18 16 2
15 4 11
16 14 19
4 10 19
10 2 16
15 11 20
15 6 2
11 1 3
1 12 19
12 5 18
18 17 3
15 13 30
17 8 15
10 7 2
11 9 30
8 1 30
1 17 16
17 2 3
8 18 26
17 12 9
2 16 17
8 7 4
12 15 1
17 4 15
8 11 19
12 13 20
18 9 26
9 6 15
1 14 11
11 5 14

9 13
12 1 7 2 5 10 9 11 4
7 2 28
7 13 16
13 9 20
9 1 24
13 11 13
7 12 12
2 6 16
1 8 27
13 10 1
13 4 26
4 5 24
12 3 24
4 11 26
4 6 12
11 8 9
8 7 16
6 9 15
13 2 18
13 12 17
12 10 6

3 17
16 2 11
13 2 17
2 1 4
2 11 23
11 5 21
13 7 5
1 9 22
9 12 5
12 14 4
12 4 28
4 8 12
1 3 14
12 16 8
9 10 28
10 17 21
16 6 19
17 15 27
14 6 27
6 5 26
14 9 25
5 4 16
6 3 25
16 7 13
9 8 9
7 12 18
14 11 16
6 17 14
4 15 1
7 2 7
10 13 25

16 17
15 17 6 9 16 8 12 10 3 5 4 14 11 2 13 7
17 11 4
11 12 29
12 5 20
12 15 13
15 1 9
12 13 2
13 9 8
15 2 11
12 6 20
6 16 24
17 3 14
12 10 3
2 7 26
15 4 24
6 8 24
12 14 8
16 3 17
3 2 17
16 10 28
16 1 9
16 17 25
2 4 25
10 6 27
4 9 18
16 14 9
6 15 20
9 5 5
1 8 22
1 7 4
14 11 11
14 13 24

2 18
2 5
6 4 18
6 8 10
6 14 18
6 2 9
2 3 27
8 17 13
3 12 6
4 1 12
14 7 3
14 11 9
11 16 19
8 9 29
17 5 9
1 13 17
16 15 18
4 18 10
12 10 4
18 15 10
15 8 23
8 5 2
18 14 10
18 6 10
17 2 15
8 13 30
2 12 25
2 7 9
18 9 24
15 1 14
13 10 6
8 3 14
10 4 19
3 11 22
9 16 6

14 17
10 7 17 14 16 9 12 5 13 2 6 3 4 1
12 5 11
5 15 28
12 3 12
12 16 19
15 17 23
15 4 28
4 2 26
16 7 6
15 1 30
4 9 9
9 6 4
7 14 8
12 10 1
14 11 29
1 13 12
17 8 21
10 1 9
1 17 21
17 13 19
1 9 21
10 8 19
10 7 27
8 5 2
10 15 5
13 11 27
15 2 27
4 6 3
6 12 19
8 14 22
8 3 7

8 19
6 11 13 18 7 14 5 10
8 12 22
8 3 26
12 7 4
7 17 6
8 11 20
8 19 3
3 1 26
12 2 3
7 14 10
2 5 11
14 18 29
12 15 24
3 13 27
7 10 10
2 4 20
4 6 22
5 9 4
2 16 11
8 18 21
8 9 16
18 10 21
9 2 28
10 11 5
18 13 25
2 7 11
13 17 7
14 5 19
19 15 12
3 6 6
10 4 29
11 1 22
6 16 5
14 12 1

9 11
6 9 4 7 5 1 8 3 11
3 8 7
8 2 18
3 9 1
2 11 8
3 7 24
8 4 17
8 10 27
11 1 21
11 5 23
8 6 20
2 9 1
9 4 8
2 5 4
2 6 24
4 7 1
6 1 28
1 10 16
7 8 19

5 9
8 9 7 4 6
3 1 11
3 9 12
9 7 11
9 2 20
3 6 9
3 4 13
7 8 3
2 5 26
1 6 17
6 2 25
6 8 6
2 7 2
8 4 5
7 3 20
8 9 27

7 12
6 5 12 11 10 3 2
12 6 21
12 11 9
11 8 25
11 9 18
9 7 18
8 3 22
3 2 2
7 4 22
11 1 24
3 10 17
10 5 8
12 2 13
12 8 21
12 7 16
2 4 9
2 1 12
12 10 12
6 5 20
5 3 16
12 9 10

4 7
7 5 1 2
5 2 9
5 3 8
3 1 7
1 6 29
6 4 6
2 7 9
4 2 8
5 1 29
1 7 5
7 3 29
3 6 24

1 10
4
8 3 24
8 6 27
6 1 8
6 4 24
1 10 11
6 5 15
4 9 20
5 7 12
4 2 2
5 10 16
5 2 25
10 4 24
2 1 16
2 3 17
10 9 23
2 8 10
2 7 21

5 11
11 7 5 8 4
5 6 21
6 3 3
6 2 29
6 11 17
6 1 15
2 4 30
2 7 28
11 8 19
6 9 2
8 10 22
5 9 22
5 1 16
9 11 21
9 4 12
4 7 15
7 6 21
1 8 10
4 3 1
7 10 10

3 8
2 6 8
4 2 21
4 7 20
2 6 11
4 1 2
2 5 20
7 3 24
6 8 8
3 6 11
6 4 20
6 1 22
7 5 13

10 16
6 3 12 10 16 7 9 13 5 14
2 9 30
2 16 24
9 14 30
2 13 30
2 12 26
2 3 9
16 7 8
16 6 14
13 11 23
6 1 3
12 15 13
6 8 22
12 4 7
14 5 12
11 10 3
2 4 15
2 6 18
6 10 5
4 7 8
6 3 13
10 8 30
6 5 13
8 12 20
5 15 17
8 16 5
10 13 20

6 20
17 4 7 13 3 15
2 9 8
9 5 27
5 13 7
2 16 24
16 15 27
2 17 7
16 18 10
9 8 6
17 4 10
13 11 2
9 10 12
15 3 15
18 1 5
9 12 9
8 14 13
11 7 2
5 19 24
11 20 11
11 6 7
9 15 26
2 19 8
19 20 21
15 18 14
20 7 27
19 1 23
20 4 30
13 17 13
9 14 11
17 5 7
5 16 3
7 10 1
10 3 30

6 12
10 3 2 8 5 7
5 3 27
3 7 18
3 1 29
7 4 6
5 10 4
10 6 20
10 8 10
1 12 6
4 9 13
10 11 18
11 2 1
9 11 5
9 6 2
11 8 2
8 1 14
11 5 9
9 10 30
9 3 24
11 12 2
11 7 20
5 2 14

1 6
3
3 4 27
3 6 27
3 2 27
4 1 18
1 5 24
2 1 5
2 4 22
2 6 14

2 5
3 2
5 2 30
2 1 19
5 4 7
1 3 24
3 5 24
2 4 5

3 10
6 2 9
3 2 3
2 4 29
4 6 1
4 5 12
2 7 20
5 8 15
5 1 26
2 10 27
10 9 27
6 5 8
5 10 16
5 7 6
4 3 24
4 8 7
4 1 5

7 11
4 9 6 11 3 8 5
7 8 16
8 11 24
7 2 13
2 9 13
8 4 13
7 6 17
11 10 23
2 1 25
1 5 25
8 3 18
4 2 13
4 10 18
10 7 13
10 9 18
4 1 18
11 5 18
5 8 20
2 3 23

1 3
3
2 3 25
3 1 27

10 17
8 4 14 9 11 2 5 3 12 6
9 11 5
9 7 16
7 16 19
9 4 30
9 14 21
11 17 23
16 1 30
7 12 3
11 5 9
17 2 23
11 13 24
5 10 14
10 8 29
5 3 26
11 15 21
10 6 16
4 15 20
4 16 22
16 12 8
4 3 16
4 8 9
16 11 14
4 14 4
16 5 8
4 2 21
2 9 9
2 7 11
14 17 5
7 1 22
7 13 18
7 6 18

13 17
6 17 1 9 8 10 13 5 15 7 16 2 3
15 13 5
15 3 10
15 7 15
13 11 21
15 10 28
7 1 27
3 12 8
3 14 16
14 2 16
10 6 22
14 8 14
6 5 19
11 17 26
5 4 13
2 16 29
1 9 16
13 1 13
13 7 27
7 8 29
7 14 20
8 6 5
13 12 19
8 15 9
15 9 28
14 4 5
4 10 20
8 2 30
7 17 5
9 3 29
2 5 25
5 16 13
4 11 16

3 18
17 12 1
3 2 14
2 9 6
3 13 2
13 18 14
13 6 21
2 8 19
18 12 16
2 14 23
14 10 26
14 5 18
8 7 10
2 17 13
18 4 15
5 11 6
5 15 8
13 16 1
8 1 7
1 16 8
16 12 7
12 3 21
1 7 8
12 8 25
12 13 23
12 2 16
8 17 7
13 9 24
17 11 9
1 14 12
14 15 8
2 5 9
14 6 16
1 18 18
12 10 17
12 4 4

3 9
4 7 5
4 2 1
4 7 4
7 6 10
4 3 2
2 1 9
1 9 13
1 5 24
6 8 20
3 9 10
9 7 9
9 6 11
6 4 24
3 8 26
3 1 11
9 2 30
6 5 23

3 9
5 2 3
5 9 9
9 1 12
1 3 24
3 7 13
5 4 26
4 2 30
7 6 11
3 8 8
9 3 18
6 4 4
9 8 28
6 5 19
8 2 27
2 1 22

5 8
1 4 8 2 5
5 1 18
1 7 3
7 2 17
1 6 17
5 4 1
6 8 7
5 3 30
2 6 11
1 8 21
2 4 9
4 7 11
6 3 28

9 13
11 8 5 9 2 12 3 10 13
3 7 21
7 13 12
3 4 28
7 11 11
4 1 18
4 5 15
1 8 11
3 2 17
4 12 16
11 10 19
8 9 29
1 6 20
4 6 19
6 11 28
4 13 4
13 5 15
6 10 13
10 9 27
5 7 19
9 2 18
12 1 21
10 3 4
10 8 28

10 15
8 11 2 3 7 6 9 10 14 15
1 5 15
1 3 17
5 14 14
3 12 23
3 9 15
3 8 27
14 7 4
9 2 11
14 6 3
2 11 27
3 10 21
7 15 27
6 13 19
9 4 5
2 3 9
2 7 26
3 13 11
2 8 9
8 9 22
9 1 7
3 11 30
13 5 16
5 4 7
3 15 26
4 14 1
11 6 20
5 12 8

9 11
6 5 2 3 10 8 4 11 7
8 7 29
7 5 25
5 3 19
3 4 17
3 2 21
5 10 9
5 1 25
1 9 22
8 11 24
3 6 25
2 7 18
7 9 24
7 1 15
2 10 17
7 11 12
2 8 11
6 4 25

2 3
1 2
2 3 9
2 1 3

3 8
7 3 2
7 4 13
7 6 2
7 5 14
6 8 9
5 1 15
8 2 15
8 3 4
7 3 26
4 2 10
2 1 25
3 6 9

1 13
2
1 9 17
9 8 7
8 7 11
8 12 20
12 10 4
9 6 26
12 5 25
9 4 1
10 2 27
1 13 23
4 11 22
12 3 18
8 6 28
6 7 16
7 1 21
9 11 8
4 10 9
6 5 24
4 3 26
5 2 5
10 13 8

4 9
6 4 5 9
1 5 7
5 2 8
1 3 28
3 7 24
2 8 28
5 6 13
5 4 13
4 9 11
6 2 5
6 7 14
6 9 11
9 5 11
9 1 17
1 8 15
7 4 11
6 3 28

14 19
16 14 2 8 15 18 4 12 13 7 10 5 6 11
7 14 16
7 19 22
14 11 22
11 16 28
7 9 21
14 3 14
7 2 9
2 1 3
2 17 27
14 13 15
7 12 24
7 10 3
14 4 16
4 15 5
7 6 6
14 18 11
18 8 22
14 5 11
3 6 15
6 15 1
6 5 28
6 11 14
3 13 4
15 19 21
13 16 12
6 2 23
19 12 20
12 8 25
11 17 26
11 9 7
15 18 9
16 10 9
5 1 26
10 4 3
12 14 8

1 2
2
1 2 15

4 5
4 2 1 3
3 5 16
3 4 16
3 1 25
5 2 12
2 4 20
2 1 5

6 17
4 13 10 5 7 6
14 15 5
15 4 20
15 10 3
15 6 28
4 1 30
6 8 12
4 2 30
4 17 25
14 12 11
15 9 24
17 7 20
15 13 14
2 11 14
1 5 24
11 3 28
7 16 29
7 15 25
7 13 3
15 3 27
15 16 3
16 6 16
6 14 30
13 12 19
14 17 25
14 2 27
7 8 23
12 1 27
7 10 29
4 9 30

6 15
3 4 5 12 14 11
11 7 18
11 14 29
7 15 18
11 5 17
15 8 2
7 9 11
9 3 5
11 12 17
15 1 15
9 13 27
15 2 3
2 6 15
6 10 29
5 4 11
11 13 12
13 8 13
13 6 24
13 14 12
6 1 11
1 2 10
14 3 1
13 4 22
11 15 10
9 12 26
5 10 20

1 4
2
2 3 9
3 1 11
2 4 4
1 2 11

9 10
9 10 7 4 6 8 1 3 5
4 7 2
4 5 2
5 2 24
4 10 18
2 9 23
4 1 28
7 8 20
5 6 27
7 3 7
8 5 9
8 9 26
5 7 20
2 1 19
5 3 14
3 10 8
10 6 3

14 15
10 7 12 13 11 3 1 8 4 6 14 9 5 2
4 2 23
4 14 2
14 13 11
14 7 1
7 3 20
14 1 25
13 6 3
3 12 4
14 8 5
6 10 10
6 9 24
4 5 9
12 11 6
5 15 24
7 15 19
7 11 9
15 14 28
5 10 27
7 4 5
11 2 19
7 13 7
5 9 28
4 6 11
8 1 6
5 3 4
14 12 10

13 14
2 10 6 12 8 13 1 3 5 11 9 4 7
1 11 3
1 7 6
7 10 12
11 5 12
7 12 17
11 6 26
12 14 1
12 4 10
1 13 17
1 3 10
11 8 30
12 2 24
1 9 8
4 6 27
4 1 27
1 5 15
5 13 4
4 2 6
1 14 27
4 8 7
1 10 12
13 12 7
14 3 22
5 7 24
3 9 9

6 19
2 14 5 7 3 17
15 5 23
5 16 20
15 7 1
5 8 25
5 14 17
14 12 9
7 18 9
15 1 15
14 6 26
16 11 24
14 17 25
8 2 1
11 19 11
2 13 10
12 4 5
4 3 28
7 9 11
8 10 21
16 2 12
2 19 22
19 8 23
2 12 6
11 5 8
11 17 18
2 1 27
11 14 25
14 15 18
5 13 3
11 9 10
2 7 10
11 18 14
1 6 1
6 3 23
3 10 24

4 5
4 2 5 3
4 1 23
4 3 7
3 2 19
1 5 27
1 3 5
1 2 1

1 2
1
2 1 9

4 14
14 5 1 7
6 2 16
2 9 18
9 1 29
2 4 19
4 12 20
9 13 10
12 3 15
2 8 19
4 10 6
12 5 3
12 11 27
5 7 16
12 14 16
12 1 28
12 8 29
11 4 24
11 13 5
8 5 15
1 3 30
5 9 15
3 7 5
2 14 28
12 10 28
1 6 30

2 4
1 2
3 1 30
1 4 4
4 2 13
3 4 3
1 2 18

4 5
3 2 5 1
4 5 30
4 3 13
5 1 11
3 2 1
3 1 29
4 2 17
3 5 15

4 17
2 5 3 16
8 7 19
8 3 13
7 16 18
3 14 16
7 1 16
1 9 25
1 6 5
14 12 15
16 11 16
6 13 20
9 5 27
11 4 24
16 17 27
4 15 16
3 10 26
8 2 17
6 11 10
11 14 3
11 7 12
11 12 1
1 5 8
5 2 16
2 3 12
12 10 26
10 9 22
5 15 17
1 4 13
3 13 21
7 17 8
6 8 14

3 15
9 7 6
15 2 11
2 4 19
4 6 29
2 11 12
11 10 29
15 7 3
15 13 5
7 5 9
10 1 24
7 3 16
11 9 23
3 14 30
6 12 17
6 8 4
7 11 21
11 15 21
15 8 5
11 1 7
1 3 25
10 2 25
11 4 7
4 13 6
11 12 9
7 14 6
13 5 11
8 9 9

1 3
1
1 3 21
1 2 5

1 5
1
1 4 6
4 5 2
1 3 23
3 2 23
4 3 30
4 2 27
2 5 1

3 4
1 3 4
2 1 9
1 4 28
4 3 12
4 2 17

3 4
1 3 2
1 4 28
1 2 12
1 3 12
3 2 30
2 4 28
