5 84
42 17 56 36 43
1 2 5 6 7 8 9 10 11 13 14 16 17 18 20 22 23 25 26 27 28 30 32 33 34 35 37 38 39 40 41 42 43 46 51 53 54 55 56 58 59 60 61 62 63 64 66 67 70 71 72 73 74 75 77 78 79 80 83 84 85 87 88 90 92 93 94 97 99
1 7 8 10 14 16 24 28 30 31 36 40 44 46 47 65 70 75 78 85 87 93 96 97 98
0 2 3 4 7 8 9 10 12 13 14 15 16 22 23 24 26 27 29 31 33 35 37 40 41 42 44 46 48 50 56 57 58 62 65 70 74 75 76 77 78 83 84 86 97 99
11 17 24 25 36 45 51 53 69 71 73 75 84 86 90 98
28 63 79 82 90
3 36
63 6 38
6 7 14 15 16 28 43 52 57 58 60 69 95
0 5 6 7 8 9 10 11 12 15 17 18 20 21 24 25 26 27 29 30 31 33 34 36 37 38 39 40 41 42 44 46 47 48 49 50 52 53 54 55 56 58 59 60 61 62 63 64 65 66 67 68 70 71 72 73 74 75 76 78 79 80 81 82 83 84 86 87 88 89 90 91 92 97 98 99
76
3 27
26 64 32
3 8 9 12 24 27 28 29 30 32 36 38 42 45 48 53 55 63 69 70 72 74 83 84 91 93 94 96 97 98
0 1 2 3 4 5 6 7 8 9 10 11 13 14 15 16 17 18 19 20 21 22 23 24 25 26 28 29 30 31 32 33 34 35 36 37 38 39 40 41 42 43 44 45 46 47 48 50 51 52 53 54 55 56 57 58 59 60 61 62 63 64 65 66 67 68 69 70 71 72 73 74 75 76 77 78 79 80 81 82 83 84 85 87 88 89 90 91 92 93 94 95 96 97 98 99
2 3 5 6 10 14 15 19 22 24 38 45 58 64 90 91 95 96 97
4 67
82 64 53 52
2 4 5 8 11 14 15 19 20 26 30 32 33 34 37 39 40 43 44 47 49 52 53 54 55 56 57 58 59 61 62 63 64 66 67 72 73 74 76 77 78 80 81 82 83 84 85 86 88 89 90 92 93 95 96
5 14 19 23 26 30 31 34 37 43 44 45 47 49 50 52 59 61 64 65 72 77 80 88 90 92 93 95 96 97
0 1 2 3 4 6 7 8 9 10 11 12 13 15 16 17 18 19 20 22 23 24 25 27 29 31 32 33 36 38 39 40 41 42 43 45 47 48 49 50 52 54 56 57 59 60 61 64 65 67 68 69 70 71 73 74 75 77 80 82 83 86 87 88 90 94 95 96
1 2 3 4 5 6 7 8 9 10 11 13 14 15 16 17 18 19 20 21 23 25 26 27 29 30 31 32 33 34 35 37 38 39 41 46 47 48 49 50 51 52 53 54 55 56 57 60 61 62 64 65 66 68 69 71 72 73 74 75 76 79 80 81 83 84 85 86 88 90 92 93 94 97 98 99
1 51
23
1 2 5 8 9 10 13 14 16 20 22 23 26 27 29 31 32 33 36 38 39 45 47 50 53 54 56 57 59 61 62 69 76 77 78 84 85 89 90 92 94 98 99
2 90
18 69
0 1 4 6 10 16 18 23 25 26 27 30 32 37 40 41 44 48 50 51 57 59 60 63 66 67 70 72 79 80 84 85 86 88 89 90 94 99
0 6 11 12 16 25 27 29 30 34 45 50 51 53 61 66 71 79 81 84 88 99
3 34
29 9 4
24 33
9 10 29 40 41 51 57 76 81
0 1 4 5 6 8 10 11 12 13 14 15 17 18 19 21 22 23 24 25 26 28 30 31 32 34 35 36 37 39 40 41 42 43 44 46 47 49 50 51 53 54 59 60 61 62 64 65 66 69 71 72 73 74 75 79 80 82 83 85 86 87 88 92 95 96 98 99
4 27
12 88 81 66
14 19 22 38 44 81
0 8 9 10 14 15 16 20 22 23 24 26 39 42 43 44 45 50 52 54 57 60 63 64 81 82 84 87 97 99
4 5 12 13 16 19 21 27 35 38 49 52 56 68 73 76 80 86 99
4 5 11 12 14 18 19 22 25 27 29 30 31 35 39 43 54 61 62 66 69 72 75 76 78 79 80 83 84 85 88 90 94
2 8
0 9
2 3 4 10 19 21 24 25 26 30 31 35 39 42 44 45 46 56 57 58 63 64 66 67 69 72 73 76 77 78 80 82 84 87 89 90 93 94 96 99
0 1 2 3 5 6 7 8 9 10 11 12 13 14 15 16 17 18 19 22 23 24 25 26 27 28 29 30 31 32 33 34 35 36 37 38 39 40 41 42 43 44 45 46 47 48 49 50 51 52 54 55 56 57 58 59 60 61 62 63 64 65 66 67 68 69 70 71 72 73 74 75 76 77 78 79 80 81 82 83 84 85 86 87 88 89 90 91 92 93 94 95 96 97 98 99
3 48
28 0 21
1 2 4 6 10 11 12 14 15 18 20 22 23 24 25 27 28 29 30 31 33 35 36 38 39 40 41 42 43 45 47 49 51 52 53 54 56 57 58 59 62 64 65 70 71 72 73 75 76 77 81 84 87 90 91 93 95 96 99
10 18 26 27 28 38 46 51 53 56 59 64 66 68 71 81 83 87 93 97
1 3 4 5 6 7 8 9 10 11 12 13 17 18 19 20 21 22 23 24 25 27 28 29 30 31 32 33 34 36 37 38 39 41 42 43 45 47 48 49 50 52 53 55 57 58 59 60 61 63 66 67 68 70 71 72 73 75 78 80 82 84 85 86 88 89 90 91 92 94 95 96 97 98
4 36
48 27 95 94
50
0 1 4 5 6 7 9 10 11 12 13 14 15 17 18 19 21 22 23 26 27 28 29 30 31 32 33 34 35 36 37 40 41 43 49 50 52 57 60 61 62 63 67 68 71 72 75 76 77 78 79 81 82 83 85 86 88 89 91 92 93 94 95 96 97 98 99
3 8 12 13 15 17 21 23 38 47 48 52 54 57 58 59 60 61 66 72 80 82 83 85 89 94 96 98
19 25 48 54 75 79
4 66
79 5 96 90
0 2 10 12 13 14 16 17 18 19 20 24 26 29 30 33 35 36 37 38 45 46 49 50 54 57 60 64 70 73 78 79 80 81 84 85 86 87 88 90 92 95 96
0 1 2 3 4 6 7 10 11 12 13 14 16 17 18 19 20 21 24 25 26 28 29 31 34 36 37 40 43 45 46 48 50 51 52 53 54 57 58 60 64 65 66 68 69 71 72 73 75 80 81 84 87 89 92 97
0 1 2 3 4 5 6 7 8 10 11 12 13 14 15 16 17 18 19 20 22 23 25 28 29 30 31 32 33 34 35 36 37 39 40 41 43 44 46 47 49 50 52 54 55 56 59 60 61 62 63 64 65 67 68 69 70 72 74 75 78 79 81 82 83 85 87 89 90 91 92 93 94 95 97 98 99
0 3 4 8 10 11 12 13 15 16 17 19 20 21 23 25 26 31 32 33 34 39 41 48 51 52 57 59 60 61 62 64 66 67 69 71 72 73 74 75 78 79 81 82 83 92 95 98
5 82
64 73 8 28 32
0 8 53 72 91
25 57 81
0 2 6 7 10 11 15 16 17 19 20 22 23 24 25 27 28 31 32 34 35 36 37 40 42 43 44 46 48 51 53 54 55 57 58 59 60 61 62 64 65 67 68 69 70 71 72 74 76 78 80 81 82 83 84 85 86 90 92 93 95 96 99
1 2 3 4 5 6 7 8 9 10 11 12 13 14 17 18 20 21 22 24 25 26 27 28 29 30 31 32 34 35 36 37 38 40 41 43 44 45 46 47 48 49 50 51 53 56 57 58 59 60 61 62 63 64 67 68 69 70 71 72 73 74 75 77 79 80 81 82 83 85 86 87 88 89 91 92 93 94 95 96 97 99
0 1 2 3 5 6 7 8 9 10 11 12 13 14 15 16 17 18 19 20 21 22 23 24 25 26 27 28 29 32 33 34 35 37 38 39 40 41 43 44 45 47 48 50 52 53 54 55 57 58 59 60 62 63 64 65 66 67 69 70 71 72 73 74 75 76 78 80 81 82 83 84 86 87 88 89 90 91 93 94 95 96 97 98 99
2 26
84 0
13 36 37 40 44 48 83 87 93
30 89
5 78
31 30 26 35 51
1 2 3 4 5 6 7 8 9 10 11 12 13 14 15 16 17 18 19 20 21 22 23 25 26 28 29 31 32 33 34 35 36 38 39 41 42 43 44 45 47 49 50 51 52 53 54 55 56 57 58 59 60 63 65 66 67 68 69 70 71 72 73 74 75 76 77 80 81 82 83 84 85 86 87 88 89 90 91 92 93 94 95 96 97 99
28 41 75 94
0 1 5 6 7 8 9 11 12 13 14 15 16 17 18 19 20 21 22 23 24 25 26 27 28 29 30 31 32 33 34 35 36 37 39 40 41 42 43 44 45 46 47 48 51 52 53 54 55 56 57 58 60 61 62 63 64 65 66 67 68 70 71 72 73 74 75 76 77 78 79 80 81 82 83 84 85 86 87 88 89 90 91 92 93 94 95 96 97 98 99
5 6 8 11 12 13 14 15 16 17 19 21 23 25 28 29 31 32 36 38 48 50 52 55 56 57 58 59 64 73 75 76 77 78 82 83 85 86 88 95 97 98 99
1 2 3 6 7 9 10 11 12 16 18 22 24 25 26 28 30 31 33 34 37 38 43 44 46 48 49 50 51 53 54 55 56 57 60 61 64 65 68 69 70 71 72 74 75 77 78 79 80 81 84 85 87 88 89 90 91 94
5 49
26 63 91 85 10
0 1 2 12 17 18 19 21 23 24 27 29 33 35 37 40 43 45 46 48 50 52 56 61 62 63 66 69 71 72 73 78 80 81 82 83 84 86 91 93 97 98
0 1 3 5 6 7 8 9 10 11 12 13 17 18 19 20 21 22 23 24 26 27 28 29 30 31 32 34 35 36 37 38 40 41 42 43 44 45 46 47 48 49 50 52 53 54 55 56 57 58 60 63 64 65 67 68 69 70 73 74 76 78 79 81 82 83 84 85 86 87 88 90 92 93 94 95 96 97 99
2 8 11 12 15 22 24 30 36 37 39 44 48 49 50 58 63 75 84 87
8 10 12 13 15 16 18 20 21 22 23 24 27 28 29 32 34 36 39 41 42 44 46 47 48 51 53 54 56 57 58 62 63 64 68 69 70 72 73 80 81 84 85 86 89 90 91 93 96 97 99
3 7 9 12 16 18 21 23 25 26 28 32 42 57 63 65 67 81 82 83 84 85 88 90 91 92 93
3 84
95 8 52
1 2 3 6 7 8 9 10 11 13 14 15 17 20 21 22 28 32 35 36 37 38 42 43 46 48 50 51 53 54 55 56 58 61 62 63 64 66 68 69 70 71 72 74 77 78 83 84 85 87 89 92 93 94 98 99
0 2 4 5 7 8 9 11 13 14 16 17 18 19 20 21 22 23 25 26 31 32 33 34 35 36 37 41 43 46 47 48 50 51 52 53 54 57 60 61 62 64 65 67 69 71 73 74 75 77 78 79 80 83 84 85 86 87 88 89 90 91 92 93 94 95 96 97 98 99
0 1 3 4 5 6 9 10 11 12 14 15 16 17 18 20 22 23 27 28 29 31 32 34 35 36 37 38 39 40 42 43 44 45 46 47 48 49 50 52 55 57 58 59 60 61 62 63 64 65 66 67 68 69 70 72 73 74 76 77 80 82 83 84 85 86 89 90 94 95 96 97 98 99
2 22
30 74
2 4 9 11 16 17 18 20 22 25 26 29 33 35 37 39 40 43 45 46 49 54 58 59 65 66 67 70 71 78 82 88 89 91 93 95 97 98 99
0 1 2 3 5 6 7 8 10 11 12 13 14 16 17 18 19 20 21 24 25 26 27 31 34 35 38 39 40 41 42 44 45 46 47 48 49 50 51 52 53 54 57 58 60 62 63 64 66 67 69 70 71 72 73 74 75 76 77 78 80 81 82 83 86 87 88 89 90 91 92 93 94 96 99
4 60
1 85 61 65
45 51 64 65 73 81 90 91 94
0 1 2 3 4 5 6 7 8 9 10 11 12 13 14 15 16 17 18 19 20 21 22 23 24 25 26 27 28 29 30 31 32 33 34 35 36 37 38 39 40 41 42 43 44 45 46 47 48 49 50 51 52 53 54 56 57 58 59 60 61 62 63 64 65 66 67 68 69 70 71 72 73 74 75 76 77 78 79 80 81 82 83 84 85 86 87 88 89 90 91 92 93 94 95 96 97 98 99
4 6 7 10 19 22 25 27 29 41 42 45 52 56 59 63 66 67 74 78 81 84 86 89 91 98 99
1 2 4 6 7 9 10 11 12 14 15 16 19 20 21 22 24 25 26 27 28 30 31 32 33 34 35 38 39 40 41 42 43 44 45 46 47 48 49 50 51 52 54 56 57 58 59 60 61 62 63 64 65 67 68 69 70 71 72 73 74 75 77 78 80 81 82 83 84 85 86 87 88 89 91 92 93 95 96 97 98 99
1 36
71
7 12 14 20 23 24 25 26 27 28 34 35 36 37 42 44 45 47 49 50 53 59 62 67 72 81 83 85 88 95 98
3 4
78 55 61
1 2 12 14 16 29 32 33 37 38 40 42 43 44 46 49 55 59 65 74 75 85 87 93 94
0 3 4 10 11 13 14 18 19 20 21 23 26 27 29 30 31 34 35 36 37 38 39 43 44 46 47 48 49 51 52 54 55 57 58 59 63 64 65 67 68 71 73 78 79 81 82 83 84 89 90 91 97
8 9 12 18 22 26 27 29 31 32 33 35 36 37 39 43 45 47 49 52 54 56 57 63 66 72 76 79 80 81 86 91 93
4 72
74 7 65 6
0 1 2 3 4 5 7 8 9 10 11 12 15 16 17 18 20 21 22 24 25 28 30 34 36 37 38 40 42 43 47 49 51 53 55 56 57 58 59 60 61 63 65 66 67 69 70 72 73 74 75 76 77 78 81 82 83 84 85 89 91 92 93 96 97 98 99
0 7 8 9 13 21 27 28 32 37 38 39 48 50 51 52 56 57 64 65 66 67 68 69 72 74 80 87 89 90 95 96 98
1 2 6 7 8 9 12 13 14 19 23 25 26 27 28 30 31 34 38 39 43 44 45 47 49 50 54 55 56 58 59 60 65 68 69 70 71 72 73 74 76 77 78 79 86 87 88 89 92 94 97 98
2 5 6 7 8 13 16 17 18 21 23 32 33 43 45 46 47 48 49 50 53 54 55 60 64 69 72 79 86 90 96 97 98
4 9
5 77 7 73
1 2 3 4 5 6 7 8 9 10 11 12 13 14 15 16 17 18 19 20 21 22 23 24 25 26 27 28 29 30 31 32 33 34 35 36 37 38 39 40 41 42 43 44 45 46 47 48 49 50 51 52 53 54 55 56 57 58 59 60 61 62 63 64 65 66 67 68 69 70 71 72 73 74 75 76 77 78 79 80 81 82 83 84 85 86 87 88 89 90 91 92 93 94 95 96 97 98 99
1 2 3 4 5 6 7 8 9 10 11 13 14 15 16 18 19 20 22 24 25 26 27 28 29 30 32 33 34 35 36 38 40 41 42 44 45 46 47 49 50 51 53 55 56 59 60 61 62 63 64 66 67 68 70 72 75 76 77 78 79 80 81 84 86 87 88 89 90 92 93 94 95 96 97
39 92
0 7 17 22 41 42 50 70 71 73 88 89 95
5 40
91 4 94 85 54
0 2 3 4 5 8 9 10 11 12 13 16 17 18 19 21 24 25 26 27 29 30 31 32 33 34 35 36 37 40 41 44 45 46 47 48 49 51 52 53 54 55 57 58 59 60 61 62 63 64 66 68 69 70 72 73 74 75 77 79 80 81 82 83 84 85 86 87 88 90 93 94 95 96 99
0 4 6 7 9 10 11 12 13 19 21 22 23 24 30 37 38 39 41 42 44 45 47 51 52 53 59 61 65 67 68 69 70 71 72 73 75 80 81 86 87 88 89 92 93 94
0 1 2 3 4 6 7 8 9 10 11 12 13 14 16 17 18 19 20 21 23 24 25 27 28 29 32 33 35 36 37 38 40 41 42 43 44 45 46 47 48 49 50 51 52 53 54 57 58 59 61 62 64 65 66 67 68 69 70 71 74 76 78 79 80 81 82 83 84 86 87 88 89 90 92 93 94 95 96 98 99
0 6 9 13 16 33 34 36 37 38 40 43 52 69 71 80
2 3 4 5 6 7 9 13 14 15 16 17 19 20 21 22 23 24 25 26 28 29 31 32 33 34 35 37 38 39 40 42 44 45 46 48 49 54 55 56 57 58 60 61 62 63 64 66 67 68 69 71 72 73 74 76 77 78 79 80 81 83 90 92 93 94 95 96 97 98
1 90
66
0 1 2 3 4 5 6 7 8 9 10 11 12 13 14 15 16 17 18 19 20 21 22 23 24 25 26 27 28 29 30 31 32 33 34 35 36 37 38 39 40 42 43 44 45 46 48 49 50 51 52 53 54 55 56 57 58 59 60 61 62 63 64 65 66 67 69 70 71 72 73 74 75 76 77 78 79 80 81 82 83 84 85 86 87 88 89 90 91 92 93 94 95 96 97 98 99
5 73
26 62 21 2 23
5 6 7 16 17 20 22 24 25 30 31 36 38 40 49 50 54 55 60 64 65 75 79 83 93 94 97 99
3 4 5 6 7 10 11 12 13 14 16 17 18 19 20 21 22 23 24 27 28 29 30 31 33 34 36 38 41 43 45 47 49 52 55 56 57 60 63 66 67 68 69 72 75 76 80 83 84 86 87 89 90 91 92 96 97 98
1 2 3 4 5 6 7 8 9 10 11 13 14 15 16 18 20 21 23 25 26 27 28 29 31 32 33 34 35 36 37 38 39 40 41 42 43 44 45 46 47 48 49 50 51 52 53 54 55 58 59 60 62 63 65 66 67 68 70 71 72 73 74 75 76 77 78 79 80 81 82 83 84 85 88 91 93 94 95 97 98 99
0 1 2 3 4 5 6 7 8 9 10 11 12 13 14 15 16 17 18 19 20 21 22 23 24 25 26 27 28 29 30 31 32 33 34 35 36 37 38 40 42 43 44 45 46 47 48 49 50 51 52 53 54 55 56 57 58 59 60 61 62 63 64 65 66 67 68 69 70 71 72 73 74 75 76 77 78 79 80 81 82 83 84 85 86 87 88 89 90 92 93 94 95 96 97 98 99
4 13 14 18 32 35 57 64 74 75 76 86 91 95
1 31
98
9 16 20 23 29 43 45 68 83 88 97
2 78
24 56
8 28 56 75
0 1 2 3 4 5 6 7 8 9 10 11 12 13 14 15 16 17 18 19 21 22 23 24 25 26 27 28 29 30 31 32 33 34 35 36 37 38 39 40 41 42 43 44 45 46 47 48 49 50 51 52 53 54 55 56 57 58 59 60 61 62 63 64 65 66 67 68 69 70 71 72 74 75 76 77 78 79 80 81 82 83 84 85 86 87 88 89 90 91 92 93 94 95 96 97 99
3 83
72 15 3
3 9 10 12 13 14 15 18 19 27 29 30 32 33 35 36 38 40 41 43 46 50 52 53 56 57 58 59 61 63 65 66 67 68 69 73 77 79 80 83 86 90 94 95 98 99
0 1 3 4 6 10 11 15 20 24 27 29 30 32 33 35 36 37 40 43 44 48 49 53 54 55 56 57 61 62 63 65 66 68 70 73 74 76 77 79 80 81 82 83 85 87 89 94 96 99
5 7 8 10 13 14 22 30 32 36 42 47 49 55 57 58 60 62 64 68 69 72 81 83 87 88 91 94 95 96 99
3 23
2 67 62
1 13 66 95 99
3 7 14 17 21 22 24 27 29 31 32 38 42 45 48 59 65 66 67 79 81 82 89
4 5 6 8 12 13 16 18 22 23 25 30 32 33 34 36 38 40 41 42 43 44 45 49 51 52 55 58 61 62 65 66 68 69 70 71 74 75 80 81 83 86 88 89 90 92 94 96 97
1 82
55
55 68 80
3 56
72 38 74
0 1 5 6 10 11 13 16 19 20 21 22 23 24 25 26 27 29 33 36 37 40 41 42 47 51 54 56 57 59 60 61 62 63 64 65 66 69 71 73 74 75 76 77 84 88 89 91 92 93 97
1 5 9 16 23 24 30 37 39 40 41 42 43 45 57 61 62 65 66 67 77 78 82 84 86 87 89 90 92 95 97
1 2 9 12 17 18 19 23 24 27 29 30 31 35 42 43 46 48 49 51 53 54 55 56 57 59 65 67 69 71 72 74 82 84 88 89 91
1 59
59
1 6 8 10 12 19 20 21 23 24 26 27 32 34 37 42 45 47 48 50 63 67 68 69 70 73 74 81 83 84 89 90 93 94 96
5 32
83 39 78 98 9
1 2 7 9 10 11 12 13 16 17 20 21 22 23 24 26 27 28 30 35 37 38 40 41 42 44 45 47 48 49 50 54 55 59 61 62 66 72 73 74 77 81 89 90 91 92 98
0 1 2 3 4 5 6 7 8 9 10 11 12 13 14 15 16 17 18 19 20 21 22 23 25 26 27 28 29 30 31 32 33 34 35 36 37 38 39 40 41 42 43 44 45 46 47 48 49 50 51 52 53 54 55 56 57 58 59 60 61 62 63 64 65 66 67 68 69 70 71 72 73 74 75 76 77 78 79 80 81 82 83 84 85 86 87 88 90 91 92 93 94 96 97 98 99
0 2 3 4 7 12 18 23 27 30 31 35 36 44 49 55 56 59 64 69 71 75 85 87 92 95 97
0 1 2 3 10 12 13 14 15 17 18 19 22 24 26 27 28 29 31 32 33 34 35 39 41 43 44 46 47 48 50 53 55 58 59 60 61 62 64 65 67 69 71 75 76 77 78 79 81 82 83 85 86 88 90 93 94 96
1 3 9 10 11 14 15 16 17 18 19 21 22 23 24 25 26 28 30 31 32 34 37 38 39 40 43 44 49 52 53 54 55 58 60 61 62 63 65 69 70 71 73 74 78 82 86 87 88 90 92 95 96 97
2 23
75 46
19 26 77
0 2 3 4 5 6 7 8 9 10 11 12 13 14 15 16 17 18 19 20 21 22 23 24 25 26 27 28 29 30 31 32 33 34 35 36 37 38 39 40 41 42 43 44 45 46 47 48 49 50 51 52 53 54 55 56 57 58 59 60 61 62 63 64 65 66 67 68 69 70 71 72 73 74 75 76 77 78 79 80 81 82 83 84 85 86 87 89 90 91 92 93 94 95 96 97 98 99
2 25
74 50
6 7 14 16 18 21 23 27 30 32 33 34 39 40 46 49 53 61 62 69 70 71 73 79 80 88 90 96
1 2 4 5 6 7 8 9 10 12 14 15 16 17 18 19 20 22 24 25 26 27 28 32 33 34 36 37 39 40 42 43 45 46 48 49 50 51 53 54 55 56 58 59 60 62 63 64 66 67 69 70 72 73 75 79 80 81 83 85 86 87 88 89 92 93 94 96 98
3 59
57 53 4
82
4 7 11 12 14 15 16 18 19 24 28 29 30 34 36 37 38 39 40 41 42 44 50 52 54 59 61 62 63 65 66 69 70 72 75 76 79 80 83 90 92 93 95 96 97 98 99
0 1 4 6 9 11 12 16 22 24 28 30 37 38 42 44 48 55 57 60 63 65 66 69 71 73 81 82 83 89 90 93 98
4 11
42 32 18 12
0 2 8 9 11 12 13 14 15 16 17 19 22 25 28 30 31 33 35 36 38 39 41 42 49 51 53 56 57 63 64 65 66 67 69 72 73 78 80 83 85 90 91 92 95 96 98 99
0 1 2 3 4 5 6 7 8 9 10 11 12 13 14 15 16 17 18 19 20 21 22 23 24 25 26 28 31 32 34 36 38 40 42 43 44 45 46 47 48 49 52 53 54 55 56 57 58 59 60 61 62 63 64 66 67 69 70 71 72 73 74 75 76 77 79 80 81 82 83 84 85 86 87 88 89 90 91 92 93 95 98
4 5 6 7 8 9 10 11 12 13 15 17 18 19 20 21 23 24 25 26 29 31 33 37 38 39 42 44 47 50 51 52 53 54 55 58 60 62 63 65 66 68 69 75 78 81 83 86 88 89 92 93 96 98
0 1 2 3 4 5 6 7 8 14 15 17 18 19 20 22 24 25 27 28 29 30 31 32 33 34 35 37 38 39 40 42 43 44 45 46 47 48 49 51 52 53 54 55 56 57 59 60 62 64 65 66 67 68 69 70 71 72 73 74 75 76 77 78 79 80 81 82 83 86 87 88 89 90 91 92 93 94 95 96 97 98 99
4 98
68 39 99 95
2 3 10 11 12 13 14 15 17 18 19 21 23 25 27 32 33 36 37 39 41 42 43 44 45 47 49 50 52 54 56 57 58 63 64 68 72 73 74 75 78 80 82 84 86 87 89 91 93 94 95 96 97
0 3 5 6 7 8 9 10 12 13 14 18 19 21 22 23 24 26 27 28 30 32 33 34 35 36 37 38 41 43 44 45 50 52 56 57 59 60 61 62 65 66 70 72 74 75 76 77 78 80 84 85 88 90 94 95 98 99
0 1 3 4 7 8 9 10 11 15 17 18 21 22 23 25 27 30 31 33 34 36 41 42 43 44 45 46 47 49 50 51 52 53 56 57 59 64 65 66 67 68 69 70 72 74 75 76 81 82 83 84 85 86 91 92 94 95 96 98 99
0 4 5 6 7 8 9 10 15 16 17 18 19 20 22 23 25 26 28 29 32 34 36 38 39 40 43 44 50 51 53 54 55 56 57 61 62 63 67 68 77 78 79 81 82 84 85 87 88 89 91 92 94 95 97
1 21
93
9 10 22 32 38 54 64 85 87 95
2 46
64 97
3 12 26 32 61 67 80 82 90
0 1 8 9 13 15 16 17 19 21 23 24 25 27 30 31 32 33 35 36 39 42 43 45 46 49 50 52 53 55 57 59 61 63 65 66 67 71 72 73 74 76 78 80 81 82 83 88 90 91 93 94 98
5 47
7 12 91 85 95
0 1 2 5 7 8 9 10 11 12 13 14 16 17 20 21 23 25 26 27 28 30 31 32 33 35 36 37 38 39 40 41 42 43 45 47 48 49 50 51 52 53 55 56 57 58 59 60 63 64 67 68 69 70 71 72 74 75 77 79 80 81 82 83 84 86 87 88 89 93 94 95 96 97 99
0 1 2 3 5 7 12 16 22 24 34 36 37 38 40 43 45 47 58 78 83 84 86 87 93
0 1 2 3 4 5 6 7 8 9 10 13 14 15 17 18 19 20 21 23 24 25 26 27 28 29 31 32 33 34 36 37 38 39 40 41 42 43 44 46 48 49 50 51 52 54 55 56 57 58 59 60 61 62 63 64 65 66 68 70 72 73 74 75 76 77 78 79 80 81 83 84 85 86 88 89 90 92 93 94 95 96 97 98 99
0 1 2 3 6 7 9 11 12 13 17 21 23 26 27 28 29 30 31 32 33 35 36 37 38 39 40 42 43 45 47 48 49 50 52 54 56 57 58 59 60 61 62 63 64 66 68 69 70 71 72 73 74 75 76 78 81 82 84 86 88 89 91 93 94 95 96 97
2 4 5 12 14 19 20 24 44 54 62 67 76 82 92 94 99
2 60
57 42
0 2 6 13 14 15 21 36 39 54 58 59 61 65 66 67 81 85 93 94 98
0 3 4 5 7 9 10 11 12 13 14 23 24 25 30 32 35 37 40 41 42 44 45 46 47 48 49 53 54 57 58 60 61 64 65 66 68 70 72 74 75 77 79 80 83 85 86 89 90 91 96 97 99
2 85
5 21
0 10 12 17 23 25 31 41 43 50 54 56 59 60 66 69 70 74 75 83 85 87 89 90 91 92 96 97 99
14 16 19 22 27 54 69 86 89 98
4 61
71 19 42 87
1 2 3 4 5 6 7 8 9 11 14 15 16 17 18 19 21 22 23 24 25 26 28 29 31 32 33 34 35 36 37 38 39 41 42 43 45 46 47 49 50 52 55 57 62 63 64 65 67 69 70 71 72 73 74 75 76 78 79 80 82 83 84 85 87 88 89 90 91 94 95 96 97 98 99
0 1 2 3 4 6 7 8 10 11 12 13 14 15 16 17 19 20 21 22 23 24 25 27 28 29 32 33 35 36 37 38 39 41 43 44 46 48 49 50 51 52 53 54 55 57 58 59 61 62 64 65 66 68 69 70 71 72 73 75 76 77 78 79 81 82 83 85 86 88 89 90 92 93 95 96 97 98 99
1 3 4 5 8 10 11 12 13 17 24 26 28 29 32 34 37 38 39 40 41 42 44 50 53 54 56 57 60 65 66 68 70 71 72 76 77 78 79 81 83 84 87 91 94 97 98 99
23 33 42 43 57 76 78 88 95
3 66
31 83 69
3 29 33 35 37 46 54 56 68 71 79 98
0 3 5 6 9 11 12 13 14 15 16 18 19 20 23 24 25 27 28 29 30 32 35 36 37 38 39 40 43 44 46 48 49 51 52 53 54 55 58 62 64 65 68 69 70 71 72 73 75 76 77 78 79 80 82 83 84 86 87 88 89 91 92 93 94 96 97 98 99
0 1 2 3 4 6 8 9 10 12 13 14 15 16 17 18 19 20 21 22 23 24 25 26 27 28 29 30 31 32 33 34 35 36 37 38 39 40 41 42 43 44 45 46 47 48 49 50 51 52 54 55 56 57 58 60 61 63 64 65 66 67 68 69 70 71 72 73 74 75 76 77 78 79 80 81 82 83 84 85 86 87 88 89 90 91 92 93 94 95 96 97 98 99
2 14
97 15
2 5 6 7 8 9 12 14 15 16 19 21 22 23 25 27 28 29 30 33 34 36 37 40 43 46 49 50 52 55 57 59 60 61 64 65 66 67 68 69 70 73 74 81 83 84 85 87 88 89 90 92 94 95 97 99
0 1 2 3 4 5 6 7 9 10 11 12 13 14 15 17 18 19 20 21 22 23 24 25 26 27 28 29 31 32 36 37 39 41 43 46 47 49 50 51 52 53 54 56 57 58 59 60 62 63 64 65 67 68 69 70 71 72 73 74 76 77 79 80 81 82 83 84 85 86 87 88 89 90 91 92 94 95 96 97 98
2 76
1 26
0 1 2 3 4 5 6 7 8 9 10 11 12 13 14 15 16 17 19 20 21 22 23 24 25 26 27 28 29 30 31 32 33 34 35 36 37 38 39 40 41 42 43 44 45 46 47 48 49 50 51 52 53 54 55 56 57 58 59 60 61 62 63 64 65 66 67 68 69 70 71 72 73 74 75 76 77 78 79 80 81 82 83 84 85 86 88 89 90 91 92 93 94 95 96 97 98 99
4 6 46 51 53 63 65 71 77 80
3 13
96 61 93
2 6 27 29 33 35 53 58 62 66 77 92 95
0 1 3 5 6 7 9 10 11 12 14 16 17 18 20 22 23 24 25 26 28 30 31 33 35 36 39 40 41 42 43 44 46 47 48 50 51 52 54 56 57 58 59 60 61 62 66 67 68 69 70 73 74 75 80 81 82 83 84 85 86 88 90 92 93 94 95 96 97 99
0 1 2 3 12 13 14 16 17 18 19 24 25 27 35 36 39 40 42 43 44 45 47 48 49 54 55 56 57 59 62 63 65 66 67 69 71 74 78 79 80 81 82 83 84 85 86 89 90 93
1 8
99
0 1 2 3 4 5 6 8 9 10 11 12 15 19 21 23 25 28 29 30 32 33 34 35 36 37 38 40 42 43 45 46 49 50 51 52 53 54 56 57 59 60 62 63 66 67 68 71 72 73 74 75 78 79 81 82 83 84 85 86 87 89 90 91 93 94 95 96 98 99
2 23
44 83
0 1 4 5 6 7 9 10 11 13 14 17 19 20 21 22 23 24 25 27 30 31 32 33 35 36 37 39 41 44 45 46 47 48 51 52 53 55 56 57 61 62 63 64 66 67 68 69 70 71 72 74 75 77 79 80 81 82 85 88 89 91 95 99
1 4 5 7 8 9 10 11 12 13 16 17 18 19 20 22 23 24 25 26 27 29 30 31 32 33 34 35 36 37 38 40 41 42 43 44 45 46 47 49 50 51 52 53 54 55 56 58 60 61 62 63 64 65 67 68 69 70 72 73 74 75 76 77 78 79 80 83 85 86 87 88 89 90 91 92 93 94 95 96 97 98
3 96
62 59 81
1 4 5 15 16 17 21 22 23 25 26 27 28 29 30 31 37 38 41 43 44 45 49 51 52 54 55 57 58 63 65 66 69 79 86 89 92 94 96 97 99
2 3 4 5 6 7 9 10 11 12 13 14 15 16 17 18 19 21 22 23 24 25 26 28 30 33 35 36 37 38 41 42 43 46 50 53 54 56 57 58 59 64 65 66 67 68 71 72 73 75 76 79 80 81 82 83 84 85 86 89 90 92 93 94 96 97 98
3 4 7 8 9 10 12 13 15 17 19 20 21 23 24 28 29 30 32 33 35 37 40 41 42 43 44 45 47 49 51 52 53 56 57 58 59 60 61 66 69 70 72 78 79 81 82 83 86 88 89 91 92 93 94 96 97
5 61
20 70 20 25 50
1 2 4 5 11 13 15 16 18 20 21 23 25 26 27 28 29 30 32 33 36 37 40 42 43 44 45 47 51 52 53 54 56 59 61 62 64 67 68 69 70 71 72 73 74 75 77 78 79 81 84 89 93 96 97 98 99
9 56
0 1 2 3 4 5 6 7 9 11 12 13 15 16 18 19 26 27 30 32 33 34 38 39 44 45 48 50 51 52 54 55 56 59 60 62 63 64 65 69 70 72 75 78 79 80 82 83 84 86 88 94 96
4 5 15 19 24 30 32 39 41 45 46 49 58 60 64 66 67 69 70 74 75 79 82 83 85 86 91
21 41 43 46 47 67 77 78 89
3 22
40 84 28
4 5 6 7 8 10 11 12 13 14 15 16 17 18 19 20 21 22 24 25 27 28 30 31 32 33 35 36 38 40 41 42 44 45 47 49 50 51 53 54 55 56 57 58 59 60 61 62 64 65 66 67 68 70 72 73 75 76 78 79 81 82 83 84 85 86 87 88 89 90 91 92 93 94 95 96 97 98
0 1 2 3 7 11 12 17 18 22 31 41 45 50 59 60 61 66 70 72 83 84 87 93
3 5 7 9 10 11 12 14 18 21 24 25 27 28 29 31 32 34 36 39 41 42 46 49 51 52 53 58 59 60 66 67 69 72 73 76 80 81 87 89 90 91 93 96 99
1 81
83
4 9 12 19 28 34 37 39 41 43 44 47 58 62 63 89 94 95 97
4 43
43 61 20 84
0 1 3 4 5 6 7 8 9 10 11 12 13 14 17 18 20 21 22 23 24 26 31 32 35 36 37 38 40 41 42 43 44 45 47 48 49 50 51 52 53 54 55 56 57 58 59 60 61 63 64 66 67 68 69 70 71 75 76 78 79 80 81 83 84 86 87 88 91 92 94 95 97 98 99
0 1 2 4 5 6 8 9 10 11 12 13 14 15 16 18 19 20 21 22 23 24 25 27 28 29 31 33 35 36 38 39 40 41 42 46 47 48 49 52 53 54 57 58 60 62 63 64 65 66 67 68 69 70 71 72 74 75 76 78 79 80 81 82 84 85 88 90 91 92 94 95 96 97 98 99
0 1 3 4 5 7 8 9 11 14 15 16 17 18 19 21 22 23 24 25 26 27 28 29 30 31 32 35 36 37 38 39 40 41 43 44 46 47 48 49 51 52 53 55 56 58 59 60 61 63 64 65 66 67 68 69 71 72 73 74 75 76 77 78 79 80 81 82 83 85 86 87 88 89 90 92 93 94 95 96 97 98
0 1 3 4 9 12 13 14 17 19 20 23 26 30 33 35 40 43 45 49 57 58 59 60 61 62 64 66 71 72 73 75 82 83 85 86 90 91 92 97 98 99
3 31
25 63 83
5 7 12 15 22 27 28 29 30 34 35 36 39 46 47 48 51 57 59 69 71 73 75 76 83 90 96 98
0 1 3 4 5 6 9 10 11 12 13 15 16 17 18 19 20 21 23 24 25 26 28 30 32 33 35 36 37 38 39 40 41 43 44 45 49 50 51 52 53 55 56 58 59 60 62 64 65 67 69 70 72 74 77 78 79 80 82 83 84 85 86 89 90 91 93 95 96 98
0 7 8 10 11 13 17 32 34 39 41 43 48 49 54 59 60 63 70 71 73 74 79 82 86 90 92 93 95 96 98
1 18
10
4 11 15 16 18 20 29 31 37 38 39 51 57 60 62 67 85 93 94
3 61
3 37 61
1 2 3 5 6 7 8 10 11 12 13 14 15 17 18 19 20 21 22 23 24 25 26 27 30 32 33 34 35 36 37 38 39 40 42 43 45 46 47 48 49 50 51 52 53 54 55 56 57 58 60 61 62 63 64 65 66 67 68 69 70 71 73 74 75 76 77 80 81 82 84 85 87 88 91 93 94 96 97 98 99
0 2 7 11 13 14 15 16 18 19 20 21 22 23 24 25 28 29 31 33 34 35 36 38 39 40 41 42 43 44 45 46 47 48 49 50 52 53 54 56 57 58 59 61 62 64 65 66 67 69 70 71 72 73 74 76 77 79 80 81 82 83 84 87 88 89 90 93 95 97 98 99
0 1 3 4 5 6 7 8 9 10 11 12 13 14 15 17 18 19 20 21 22 23 24 25 26 27 28 29 30 33 34 35 36 37 38 39 44 46 47 48 49 51 52 53 54 55 56 57 58 60 61 64 65 66 67 68 69 70 71 72 73 74 76 77 78 79 82 83 84 85 86 87 88 89 90 91 92 93 94 95 96 97 98 99
2 88
53 64
0 1 2 3 5 6 7 8 9 10 12 13 14 16 17 18 19 20 21 23 24 25 26 27 32 34 35 36 37 38 41 43 44 45 46 47 49 50 51 52 53 55 56 57 58 59 61 63 64 66 67 68 69 70 71 72 73 74 76 77 81 82 84 85 86 89 90 91 94 95 96 97 99
11 13 19 20 22 24 29 32 40 54 57 68 71 72 73 76 80 81 85 94 98
4 58
40 71 29 13
5 7 10 11 13 16 17 20 23 27 28 34 39 43 44 48 53 54 55 61 63 67 68 69 72 73 75 78 80 86 88 89 92 97 99
0 2 3 4 5 7 10 11 12 14 15 16 19 20 21 22 26 27 28 29 30 31 32 34 35 37 38 39 41 42 44 46 48 49 50 52 55 56 59 60 62 63 64 65 66 67 68 69 70 72 74 75 76 77 79 80 82 83 84 86 87 88 89 91 92 93 94 95 96 97 99
1 2 3 5 6 7 8 9 12 13 14 18 19 20 21 22 23 25 26 27 31 32 38 39 40 42 43 44 45 46 47 48 50 51 54 57 61 63 65 67 70 71 73 74 75 76 78 80 81 82 87 89 91 92 93 94 97 98
1 49 53 70
4 91
44 28 1 95
0 2 5 7 12 13 14 15 18 19 21 22 24 26 28 30 31 34 35 37 38 43 44 46 49 52 53 56 57 61 64 67 68 73 74 75 76 77 79 84 86 87 89 90 93 94 99
1 4 7 8 12 14 16 17 18 19 21 24 25 27 29 31 32 33 34 35 36 41 44 45 47 49 51 53 57 58 59 61 62 63 65 67 69 71 73 74 75 80 81 82 83 85 86 87 89 96 97 98
1 2 3 4 5 6 7 8 9 10 11 12 13 14 15 16 17 18 19 20 21 22 23 24 25 26 27 28 29 30 31 32 33 34 35 36 37 38 39 40 42 43 44 45 46 47 48 49 50 51 52 53 54 55 56 57 58 59 60 61 62 63 64 65 66 67 68 69 70 71 72 73 74 75 76 77 78 79 80 81 82 83 84 85 86 87 88 89 90 91 92 93 94 95 96 97 98 99
1 2 3 8 14 17 18 21 23 25 26 30 33 37 38 41 42 45 47 52 54 55 56 58 60 64 66 70 72 76 77 81 84 87 90 91 93 95 97 98 99
5 52
96 35 61 55 70
0 2 3 4 5 7 9 10 12 14 15 16 17 18 19 20 21 23 25 26 27 29 30 31 32 33 34 36 37 38 39 40 41 42 44 46 48 49 51 55 56 57 58 60 61 62 63 64 67 68 70 72 73 74 75 76 77 78 79 81 82 84 85 86 87 88 90 91 93 94 95 96 97 98 99
2 5 6 7 9 10 11 12 13 16 17 20 23 25 28 29 30 34 35 37 39 44 45 50 53 54 58 59 62 64 65 67 68 77 81 85 87 92 93 94 97 98 99
1 3 4 5 6 7 9 11 12 14 15 17 18 19 20 24 25 26 27 28 29 30 32 33 34 35 36 37 41 42 44 45 46 47 48 50 51 52 54 55 57 58 60 61 62 63 64 70 71 73 76 78 79 80 82 83 84 85 86 87 88 89 90 92 93 96 97 99
0 1 3 4 7 11 14 16 17 20 21 23 27 29 31 32 36 38 39 40 41 43 44 45 46 48 52 54 55 56 59 60 61 66 67 68 69 70 72 73 74 76 79 80 81 83 84 86 87 89 93 95 96 97 98 99
0 1 2 3 6 8 9 10 11 12 14 15 16 17 18 19 21 22 23 24 25 26 27 28 30 31 32 33 36 37 38 41 42 43 44 45 46 47 48 49 50 52 53 55 56 58 59 60 61 63 64 65 66 67 68 69 70 71 72 74 75 76 77 78 79 80 81 82 83 84 85 86 87 88 89 90 91 92 93 95 96 97 98 99
1 91
33
7 23 33 48 54 62 68 70 79 81 87 90 94 98
1 71
1
0 1 2 3 4 5 6 7 8 9 10 11 12 13 14 15 16 17 18 19 20 21 22 23 24 25 26 27 28 29 30 31 32 33 34 35 36 37 38 39 41 42 43 44 45 46 47 48 50 51 52 53 54 55 56 57 58 59 60 61 62 63 64 65 66 67 68 69 70 71 72 73 74 75 77 78 79 80 81 82 84 85 86 87 88 89 90 91 92 93 94 95 96 97 98 99
5 93
57 29 40 22 71
0 3 4 5 6 8 12 16 19 22 23 27 30 32 33 41 42 43 46 49 50 51 52 59 60 62 65 67 69 71 72 77 80 81 85 92 94 97 98 99
0 1 2 3 4 5 6 7 9 10 11 12 13 14 15 16 17 18 20 21 22 23 24 25 26 27 28 29 30 31 32 33 34 35 36 37 38 39 40 41 42 43 44 45 46 47 48 50 51 52 53 56 57 58 59 60 61 62 63 64 65 67 69 70 71 72 73 74 75 76 77 78 80 81 82 83 84 85 86 87 88 89 90 91 92 93 94 95 96 97 98 99
1 2 4 5 6 7 8 9 11 14 15 17 18 19 20 21 23 24 26 27 29 30 31 35 36 37 38 39 40 43 46 47 49 51 53 55 56 57 61 62 65 67 69 70 72 75 76 78 79 80 81 82 83 84 85 86 87 90 93 94 95 96 97 99
1 4 5 8 13 14 16 19 22 25 26 27 29 30 31 35 36 37 38 39 41 43 44 46 48 50 52 53 54 57 59 60 61 64 68 69 70 71 72 73 75 77 78 79 81 84 85 87 88 91 92 95 96 97 98 99
1 3 4 6 7 8 9 10 17 19 22 24 27 28 29 30 32 33 35 38 39 40 43 44 48 49 50 52 56 58 59 61 63 64 66 67 68 71 73 74 75 76 78 80 83 85 86 88 94 96 97
1 24
17
1 3 7 12 24 30 42 45 50 52 53 54 58 76 77 79 84 87 93
4 90
13 84 36 81
0 1 3 4 5 6 7 8 9 10 11 12 13 14 15 16 17 18 19 20 21 22 23 24 25 26 27 28 29 30 31 33 34 35 36 37 38 39 40 41 42 43 44 45 46 47 48 49 50 51 52 53 54 55 56 59 60 61 63 65 66 67 68 69 70 71 72 73 74 76 77 78 79 80 81 82 83 84 85 87 88 89 90 91 92 93 95 96 97 98 99
5 13 46 73
0 1 2 3 4 7 8 9 10 11 12 13 14 15 16 17 18 19 20 21 22 23 24 25 26 28 29 30 31 32 33 34 35 36 37 38 39 41 42 43 44 45 46 47 48 49 50 51 52 53 54 55 56 57 58 59 60 61 62 64 65 66 67 68 69 70 71 72 73 75 76 77 80 82 83 84 85 86 87 88 89 90 91 92 93 94 95 96 97 98 99
2 4 5 6 7 10 11 12 17 18 21 24 28 29 30 31 32 33 34 35 42 47 49 51 53 54 55 58 60 61 65 66 67 70 71 73 74 75 76 77 79 80 81 84 85 86 87 88 89 91 92 94 98 99
2 18
84 57
49
2 9 12 14 29 43 55 59 84 91 98 99
5 89
0 26 41 98 62
7 8 10 14 17 33 36 42 43 52 54 56 66 75 81 84 91 92
1 2 4 5 6 8 9 10 11 12 13 15 18 21 23 24 26 27 29 30 32 33 35 36 39 42 43 47 49 50 51 55 56 57 58 60 61 65 66 67 69 70 72 74 75 76 78 79 82 83 85 86 87 90 91 95 96 98
0 5 7 8 11 12 14 16 21 22 32 40 51 58 60 66 67 74 77 79 81 82 83 86 88 89 93 94 96
0 1 2 3 4 5 6 7 8 9 10 12 13 14 15 17 18 19 20 22 23 24 25 26 27 28 29 30 32 33 34 35 36 37 38 39 40 41 42 44 45 46 47 48 49 50 51 52 53 54 55 56 57 58 59 60 61 62 63 65 66 68 69 70 71 73 74 75 76 77 78 79 80 81 82 83 84 85 86 88 89 90 91 92 93 94 95 96 97 98 99
0 1 2 3 6 7 8 9 12 13 15 16 17 18 19 20 22 23 24 26 27 28 30 33 34 37 38 39 40 41 42 43 45 46 47 49 51 52 53 54 55 56 57 58 59 60 61 62 63 64 65 66 67 68 69 70 71 73 76 77 78 79 80 81 82 83 84 85 86 87 88 89 90 91 92 93 95 96 98 99
2 60
80 96
0 1 2 3 4 5 6 7 8 9 10 11 12 13 14 15 16 17 18 19 20 21 22 23 24 25 26 27 28 29 30 31 32 33 34 35 36 37 38 39 40 41 42 43 44 45 46 47 48 49 50 51 52 53 54 55 56 57 58 59 60 61 62 63 64 65 66 67 68 69 70 71 72 73 74 75 76 77 78 79 80 81 82 83 84 85 86 87 88 89 90 91 92 93 94 95 96 97 98 99
1 2 3 4 7 8 10 15 16 17 19 21 25 29 31 33 37 39 44 45 49 50 51 54 55 57 58 60 61 64 65 68 70 72 74 75 78 80 85 87 90 92 93 94 95
2 26
80 50
5 6 8 10 11 15 17 25 27 32 33 35 36 37 38 45 48 53 56 60 69 82 84 86 92 94 95 97 98
9 12 18 33 69 71 74 88 90
4 23
82 5 10 0
39 55 82
0 1 2 3 4 5 6 7 8 12 13 14 15 16 17 18 19 20 21 22 23 24 28 30 31 33 34 36 37 38 39 41 45 46 48 49 50 52 53 54 55 57 59 60 62 64 65 66 67 69 72 73 74 75 76 80 81 82 83 84 86 88 89 90 91 93 94 97 98
2 3 8 11 13 15 23 24 25 31 37 41 57 63 67 68 69 76 80 81 86 90 93 94
0 1 2 3 4 5 6 7 8 9 10 11 12 13 14 15 16 17 18 19 20 21 22 23 24 25 26 27 28 29 30 31 32 33 34 35 36 37 38 39 41 42 43 44 45 46 47 48 49 50 51 52 53 54 55 56 57 58 59 60 61 62 63 64 65 66 67 68 69 70 71 72 73 74 75 77 78 79 80 81 82 83 84 85 86 87 88 89 90 91 92 93 94 95 97 98 99
5 14
37 20 69 90 98
2 20 29 37 39 43 44 52 55 60 66 72 75 87 90 95 97
0 2 5 8 9 10 15 16 17 18 19 22 23 24 26 28 29 30 31 32 33 35 36 38 39 40 41 42 45 46 48 49 50 51 52 53 54 55 56 58 59 61 62 63 64 65 66 67 68 69 73 74 75 76 77 79 80 81 82 83 84 85 86 87 88 89 90 93 95 96 97
0 2 3 4 5 6 7 8 9 10 11 12 13 14 15 16 17 18 21 23 24 25 26 27 28 29 30 31 32 33 34 35 37 38 39 40 41 43 45 46 47 48 49 50 51 52 53 54 56 57 58 59 60 61 62 63 64 65 66 67 68 69 70 73 74 76 77 79 80 81 82 83 84 85 86 87 88 89 90 91 93 94 95 96 97 98 99
2 5 8 13 16 20 23 25 30 31 35 40 41 42 43 44 46 48 51 52 54 61 62 64 67 74 79 84 88 90 91
0 1 2 4 5 6 7 8 9 10 11 12 13 14 15 16 17 18 19 20 21 23 24 25 26 27 28 29 30 31 32 33 34 35 39 40 41 42 43 44 46 48 49 50 53 54 55 56 57 58 60 61 63 64 65 66 67 68 69 70 71 72 73 74 75 76 77 78 79 81 82 83 84 86 88 89 90 91 92 93 95 96 98
2 56
69 45
0 1 4 5 11 16 20 24 26 31 33 35 36 37 39 42 47 49 51 53 55 60 61 64 67 68 70 71 73 78 80 81 83 84 86 90 92 94 95
3 4 6 8 14 17 20 21 22 29 31 39 41 43 44 46 47 49 50 52 58 59 62 66 73 75 80 81 84 86 90 97
4 52
81 56 91 97
6 10 11 16 18 19 20 24 25 35 43 46 58 63 64 66 71 72 78 79 80 81 83 84 86 89 93 99
19 27 38 40 54 62 66 70 71 90 93
6 7 8 9 10 12 13 17 18 19 21 23 27 28 32 37 40 42 44 45 50 52 56 58 62 63 64 65 67 70 72 74 76 77 78 83 84 87 91 92 93 94 95 97
6 9 15 16 20 23 26 30 32 43 48 50 55 58 64 67 71 72 74 76 85 88 92 93 94 95
5 45
45 87 38 90 30
0 1 2 3 6 7 8 9 10 11 12 13 14 15 16 17 18 19 20 22 23 24 25 26 27 28 29 30 31 32 33 35 36 37 38 39 40 41 42 43 44 45 46 47 48 49 50 51 53 54 56 57 58 59 60 61 62 63 64 65 66 67 68 69 70 71 72 73 74 75 76 77 78 79 80 81 82 83 84 85 86 87 88 89 90 91 92 93 94 95 96 97 98
4 5 8 9 10 11 12 13 15 16 17 18 19 20 21 22 25 26 29 30 32 33 34 35 36 38 39 41 42 43 44 46 47 48 49 50 52 53 54 56 57 58 60 62 64 65 66 67 68 70 71 72 73 74 75 76 77 78 80 81 83 84 85 86 87 88 89 90 91 92 93 95 96 98 99
0 3 4 14 15 19 23 25 29 30 31 33 34 35 36 40 41 42 50 51 55 57 58 62 63 72 76 77 79 88 91 94 95
0 5 8 11 13 17 18 20 26 30 32 35 42 44 49 51 56 66 72 79 85 93 94 98 99
0 2 6 9 10 12 14 15 17 18 19 20 21 22 24 26 27 28 31 33 34 37 39 40 41 42 43 44 47 48 49 50 53 56 58 60 62 63 64 65 67 68 69 71 74 76 77 78 79 80 81 82 84 85 86 87 88 89 92 95 96 97 99
5 10
43 7 12 90 3
4 17 20 21 26 28 29 31 34 35 39 41 42 43 45 49 50 52 55 57 59 61 65 66 67 72 77 79 80 87 88 89 95 98
21 65 75 76 79 92 93
3 8 14 15 28 33 36 37 39 43 44 49 58 60 62 70 71 74 76 78 90 92 94 95 96 99
0 1 2 3 4 5 6 7 8 9 10 11 12 13 14 15 16 17 18 19 20 21 23 24 25 26 27 28 29 30 31 33 34 35 36 37 38 39 40 41 42 43 45 46 47 48 50 51 52 53 54 55 56 57 58 59 61 62 63 64 65 66 67 68 69 70 71 72 73 74 75 76 77 78 79 80 81 82 83 84 85 86 87 88 89 90 91 92 93 94 95 96 97 98
0 1 2 3 6 7 8 9 12 13 14 15 16 17 18 19 20 21 22 23 24 25 26 27 28 29 30 31 32 33 34 35 36 37 38 39 40 41 42 43 44 45 46 47 48 49 50 51 52 53 54 55 56 57 58 59 60 61 62 64 66 67 68 69 70 71 72 73 74 75 76 77 78 79 80 81 82 83 84 85 87 88 89 90 92 93 94 95 96 97 98 99
4 64
2 48 26 44
0 1 8 16 17 18 27 28 29 36 40 42 46 52 59 60 62 71 76 81 83 84 85 87 89 92 93 94 95 96
11 13 14 17 19 21 26 30 32 34 36 41 45 50 52 62 73 76 80 81 88
1 2 3 4 8 9 10 11 14 15 17 18 19 21 22 23 26 28 29 31 32 33 34 35 36 37 38 39 41 43 44 45 46 47 48 49 50 51 52 55 56 57 58 59 60 61 62 63 64 65 66 67 68 69 70 71 72 73 74 76 77 78 80 81 84 85 86 87 88 89 90 91 93 94 95 96 97 98 99
2 3 4 8 9 11 16 17 18 19 20 27 32 34 35 37 38 40 43 45 46 47 50 51 52 53 55 61 67 69 70 71 72 76 81 82 83 89 91 92 94 96 97 99
1 61
90
0 1 2 3 4 5 6 7 8 9 11 12 13 14 15 16 17 19 21 22 23 24 25 26 27 28 29 30 34 37 38 39 42 43 44 45 46 47 48 49 50 51 52 53 56 57 58 59 60 61 62 63 64 65 66 67 68 69 70 71 72 74 75 78 79 80 81 82 84 85 86 87 88 89 90 91 92 93 94 95 96 97 98 99
2 89
21 38
2 6 8 11 14 15 16 18 21 23 24 25 31 34 37 38 39 40 42 43 45 46 47 49 53 54 56 57 61 63 64 66 69 70 71 72 76 77 80 85 86 88 89 95 96 97 98
4 10 12 13 17 21 22 25 29 31 33 34 36 37 38 40 43 55 56 57 58 61 66 67 72 74 76 86 88 91
2 80
81 75
0 1 2 3 4 5 6 7 10 11 13 14 15 17 18 19 21 24 25 26 27 28 29 30 32 33 34 35 36 37 38 39 41 43 44 45 46 47 48 49 50 51 52 54 55 56 57 59 60 61 62 63 64 66 67 68 71 72 73 74 76 77 79 80 83 85 89 90 92 93 94 97 98 99
0 1 2 4 5 7 8 9 10 11 12 13 15 16 17 18 19 20 21 22 23 24 25 26 28 29 30 31 32 33 34 35 36 37 38 39 41 42 43 45 47 48 49 50 55 57 58 59 61 63 66 67 68 69 70 71 72 73 74 75 76 78 79 80 81 86 87 88 89 90 91 92 94 95 97 98
3 80
21 52 8
0 1 2 3 4 5 6 7 8 9 10 12 13 14 15 16 17 18 19 20 21 23 24 25 26 27 28 29 30 31 32 34 35 36 37 38 39 40 41 42 43 44 45 46 47 48 49 50 51 52 53 54 55 56 57 58 59 60 61 62 63 64 65 66 67 68 69 70 71 72 73 74 75 76 77 78 79 80 81 82 83 84 86 87 88 89 90 91 92 93 94 95 97 99
1 2 3 4 5 6 7 8 9 12 13 14 15 16 17 18 20 21 22 23 24 29 30 31 34 36 38 40 43 46 47 49 50 54 55 57 58 59 60 61 62 63 64 66 67 70 72 74 75 76 77 78 79 80 81 83 85 86 88 91 93 95 97 99
0 1 2 4 5 6 8 10 14 16 17 20 21 22 23 24 27 31 32 33 34 35 37 38 41 43 44 46 48 49 50 51 52 53 56 59 61 62 64 65 68 69 70 72 73 74 76 78 80 81 83 84 85 87 88 89 90 92 94 95 96 98 99
5 40
50 50 37 2 71
14 19 32 38 39 44 56 61 66 67 69 75 76 81 82 86 88 89 96
0 1 2 3 4 5 6 8 9 10 11 12 13 14 15 16 17 18 20 21 22 23 24 25 26 27 28 30 31 32 33 34 35 37 38 39 40 41 42 43 44 45 47 48 49 50 51 52 53 54 56 57 58 59 60 61 62 64 65 66 67 68 69 70 72 73 74 75 76 77 78 79 80 81 82 83 85 86 87 88 89 91 92 93 94 95 96 97 98 99
0 2 4 6 8 9 10 13 15 17 18 20 23 24 26 29 30 31 35 36 39 41 42 46 47 49 53 56 58 60 62 63 64 66 67 69 70 74 75 78 79 80 83 84 85 88 90 94 95 98
1 4 5 8 9 12 18 21 23 25 26 27 29 30 32 33 35 37 38 40 44 45 47 52 53 54 55 56 57 58 60 61 63 64 67 70 72 73 76 77 78 79 82 83 90 91 92 94 95
3 4 24 25 31 32 34 36 38 40 42 47 54 59 73 75 84
2 48
76 28
3 4 6 8 11 23 26 27 29 38 39 48 51 58 59 61 71 72 75 79 82 84 93 96
6 7 8 16 21 22 37 56 63 70 77 91 93 94 95 96
4 65
71 33 19 18
12 15 19 35 39 42 43 45 47 49 54 56 62 64 65 69 71 79 81 86 89 91 92 95 99
0 1 2 3 4 5 6 7 8 9 10 11 13 15 16 17 18 19 20 21 22 24 25 26 28 29 30 31 32 33 34 35 37 38 39 40 41 42 44 45 46 47 48 49 51 53 56 57 58 59 60 61 62 63 64 65 66 70 72 73 74 75 76 77 78 79 80 81 82 85 86 87 88 89 90 91 92 94 96 97 98 99
1 5 6 11 14 18 24 26 34 39 41 53 61 62 63 64 65 66 69 71 72 82 85 86 87 89 93 98
1 2 3 4 5 7 8 9 10 11 12 14 15 17 18 19 20 21 22 23 25 26 28 29 30 31 32 33 34 35 36 37 38 39 40 41 42 43 45 46 47 48 50 51 52 53 54 56 57 58 59 60 61 62 65 66 67 68 69 70 71 72 73 74 76 77 78 80 81 82 83 85 86 87 88 89 90 91 92 93 96 97 98 99
3 50
85 49 27
0 2 3 4 5 6 7 8 9 10 11 12 13 14 17 18 19 20 21 22 23 24 25 26 28 29 30 31 32 33 34 35 36 37 38 40 41 42 43 44 45 46 47 48 50 52 53 56 57 58 59 60 61 62 63 64 65 66 69 70 71 72 73 74 75 76 77 79 80 81 82 83 84 85 86 87 88 89 90 91 92 93 94 95 96 97 98 99
1 3 4 5 7 9 10 12 13 14 15 16 17 18 19 20 21 22 24 25 27 28 29 30 31 32 33 34 35 36 37 41 42 43 44 45 47 48 49 51 52 53 55 56 57 58 60 61 63 64 65 66 67 69 70 71 72 73 74 75 76 77 79 82 84 85 87 89 90 91 92 93 96 97 98
1 4 10 12 15 25 29 35 50 56 64 69 71 72 98
4 3
64 40 75 64
0 1 2 3 4 5 6 7 8 9 10 11 12 13 14 15 16 17 18 19 20 21 22 23 25 26 27 28 29 30 31 32 34 36 37 38 39 40 41 42 43 45 46 47 48 49 52 53 55 56 57 58 59 60 63 64 67 68 69 70 71 72 73 74 76 78 80 81 83 84 85 86 87 88 89 90 92 93 94 95 96 97 98
7 11 12 15 22 24 25 39 41 42 44 49 53 55 62 64 68 70 71 72 73 78 93 95 98
0 2 3 4 9 11 12 13 15 17 18 20 21 22 23 24 27 28 30 33 34 35 36 38 39 41 42 43 45 46 48 49 50 51 52 53 54 55 56 57 58 60 62 63 64 65 66 67 69 70 71 73 74 76 78 79 81 82 83 84 85 86 87 89 92 93 94 95 96 98 99
8 9 10 11 12 15 16 17 19 20 21 22 23 24 30 35 36 37 38 41 42 44 46 47 50 51 52 53 56 58 59 62 64 65 67 68 69 70 71 73 77 78 79 80 83 84 86 90 93 94 95 96 98 99
2 22
40 71
0 2 3 4 5 6 7 8 9 10 11 12 13 14 15 16 17 19 20 21 23 26 27 28 29 30 31 32 33 34 35 36 37 38 39 40 41 42 43 44 45 46 47 48 49 50 51 52 53 54 55 56 57 58 59 60 61 62 63 64 65 66 67 68 69 70 71 72 73 74 75 76 77 78 79 80 81 82 83 84 85 86 87 88 89 90 91 92 93 94 95 96 97 98 99
0 1 2 7 9 10 11 12 18 19 20 23 24 25 32 34 38 40 41 42 46 51 52 57 61 64 65 67 83 90 93 94 99
2 47
13 35
0 5 9 10 11 14 15 17 23 24 25 26 32 33 38 51 52 53 61 65 66 70 71 72 73 81 83 86 90 94 95 96
0 1 2 3 5 6 7 8 9 10 11 12 13 15 16 17 18 21 22 23 24 25 26 27 28 29 31 32 33 35 36 39 41 42 43 44 45 46 48 49 50 51 52 54 56 57 58 60 61 62 63 64 65 66 67 68 69 70 71 72 73 78 79 80 81 82 83 85 86 88 89 90 91 92 93 95 96 97 98 99
5 16
16 74 85 21 47
4 5 9 10 16 18 22 23 25 29 31 32 41 42 43 44 46 48 49 54 57 64 67 69 70 72 73 74 76 81 82 83 84 86 87 89 91 94 97 99
10 11 24 27 34 37 43 48 49 56 73 79 81 86 91 99
6 8 9 13 14 19 20 21 23 26 30 37 38 40 47 52 66 69 72 75 76 77 78 79 97 99
36 60 66 85
15 37 53 67
4 88
77 92 86 64
6 7 12 18 22 23 24 37 43 45 52 60 63 66 68 86 89 96 98 99
1 3 4 5 6 11 16 20 29 38 39 46 47 48 49 61 62 63 70 74 79 82 83 90 97
0 1 2 3 4 5 6 7 8 10 11 12 13 14 15 17 18 19 20 21 22 24 25 26 31 32 33 34 35 36 37 38 39 40 41 42 43 44 45 46 47 48 49 50 51 52 53 54 55 59 60 61 62 63 64 65 66 67 68 69 70 71 72 74 75 76 77 79 80 81 83 84 87 88 89 90 91 92 93 94 95 96 97 98 99
1 7 8 9 12 14 15 16 19 20 21 22 24 31 34 35 36 37 40 41 42 44 45 47 49 54 56 57 58 60 64 65 66 73 75 77 79 81 83 84 86 87 88 92 93 98
4 44
47 9 82 95
0 1 2 3 4 5 9 10 11 13 14 15 16 18 23 25 26 27 29 31 33 34 35 37 38 39 41 43 44 47 49 52 53 54 55 56 57 58 62 63 64 66 68 70 71 73 74 75 76 78 80 81 82 83 84 85 87 89 90 91 92 93 94 95 96 97 99
3 7 22 26 30 34 37 38 47 49 61 62 70 97
1 19 24 33 40 54 70 77
95
1 49
26
2 3 4 5 12 17 19 20 21 23 33 35 39 41 43 45 48 49 50 51 52 55 57 63 65 66 68 71 75 78 83 84 85 90 91 93 96 98
2 5
98 75
0 1 2 3 4 5 6 7 8 9 10 11 12 13 14 15 17 18 19 20 21 22 23 24 25 26 27 28 29 30 31 32 33 34 35 36 37 38 39 40 41 42 43 44 45 46 47 48 49 50 51 52 53 54 56 57 58 59 60 62 63 64 65 66 67 68 69 70 71 72 73 74 75 76 77 78 79 80 81 82 83 84 85 86 87 88 89 90 91 92 93 94 95 96 97 98 99
7 26 47 56 67 88
5 26
21 63 77 58 60
3 4 11 12 13 14 16 19 20 21 24 25 26 27 28 29 30 31 33 35 39 41 43 44 45 47 48 50 51 52 56 58 59 60 61 62 63 64 67 68 70 71 72 73 74 80 81 82 83 85 86 89 90 92 94 95 96 97 98 99
0 2 3 4 5 7 8 10 16 17 18 21 22 23 25 26 28 29 30 33 36 37 40 42 44 45 46 48 49 52 54 55 57 59 61 64 65 66 67 68 69 70 75 77 79 80 81 82 84 85 87 89 90 96 99
0 1 2 3 4 6 7 8 11 12 13 14 15 18 19 20 21 23 25 26 27 28 29 31 33 34 35 36 37 38 40 42 44 45 46 47 48 49 51 52 54 55 56 59 61 62 68 69 71 73 74 75 76 77 78 79 80 82 83 87 88 89 90 91 92 93 95 96 98 99
1 2 4 5 6 9 10 11 12 13 15 16 17 18 20 21 22 23 24 25 26 29 30 31 33 36 37 38 39 41 43 47 48 49 51 53 54 55 56 57 59 60 61 62 64 65 68 69 70 72 74 76 77 78 80 84 85 88 89 91 92 94 97 98 99
1 2 4 6 7 8 9 12 14 15 16 17 18 19 24 26 27 28 29 30 36 37 41 42 43 44 46 47 48 54 59 61 62 64 69 70 73 76 77 78 83 84 90 91 92 93 95 99
4 38
64 60 26 69
32 57 96
1 3 5 8 9 10 11 12 13 14 15 20 22 23 26 42 45 46 47 48 49 51 54 55 56 57 60 61 65 73 76 80 83 85 92 94 96
10 12 13 14 16 17 20 25 28 36 38 41 42 45 49 52 53 63 64 73 82 85 89 92
0 1 3 4 5 7 9 10 11 13 14 15 17 18 19 20 21 22 23 24 25 26 28 31 32 33 34 37 39 40 41 43 44 45 46 47 48 49 50 51 52 54 55 56 57 59 60 62 64 65 66 67 68 70 71 72 73 74 75 77 78 79 80 81 82 83 84 87 88 89 90 91 93 96 97 98 99
4 55
74 47 90 22
0 1 5 12 15 16 17 18 22 23 26 32 35 36 37 47 50 53 54 55 56 60 64 65 67 71 72 74 78 84 87 88 89 90 91 93 94 95
0 1 12 15 17 21 22 31 37 74 87 91 94
2 4 6 7 16 22 30 36 54 86 87 95
0 1 2 3 4 5 6 7 8 9 11 12 13 14 15 16 17 18 19 20 22 23 24 25 26 27 28 29 30 31 32 33 34 35 36 37 38 39 40 41 42 43 44 45 46 47 48 49 50 51 52 53 54 55 57 59 60 61 62 63 64 65 66 67 68 69 70 71 72 74 75 76 77 78 79 80 81 82 83 84 85 86 87 88 89 91 92 93 94 95 96 97 98 99
1 3
0
0 1 2 4 5 6 7 9 12 13 15 16 17 18 19 21 22 23 24 25 26 27 28 29 30 31 33 34 35 40 42 45 47 48 49 50 53 54 58 61 62 63 64 65 66 68 69 70 71 72 74 75 77 81 83 85 86 87 90 91 95 96 97
3 81
79 11 58
1 2 3 4 5 6 7 8 9 10 11 12 13 14 15 16 17 18 19 20 21 22 23 24 25 26 28 29 30 31 32 33 36 37 38 40 41 42 44 45 46 47 48 50 51 52 53 54 55 56 57 58 59 60 61 62 63 64 65 66 67 68 69 70 72 73 74 75 78 79 80 81 83 85 86 87 88 89 90 91 92 93 94 95 96 97 98 99
0 1 2 4 5 6 7 8 9 12 14 15 16 18 19 20 22 23 25 26 28 29 33 34 36 37 38 40 41 44 45 46 47 50 51 53 54 56 57 58 59 60 62 63 65 66 67 68 69 70 71 73 76 79 80 81 84 85 86 88 89 91 92 93 94 96 97 98 99
9 10 16 21 24 27 36 43 60 67 85 97
2 81
73 22
5 6 8 9 10 14 17 19 21 28 35 38 40 42 52 54 59 65 74 78 93 95
1 3 4 6 7 8 9 13 14 15 16 17 19 21 22 25 26 27 28 29 30 31 32 34 35 36 37 40 41 42 44 45 46 47 49 50 51 52 54 55 57 58 59 60 61 62 63 65 66 67 68 69 70 72 75 76 77 78 79 81 82 83 85 86 87 88 89 90 91 92 93 94 95 96 97 99
3 25
63 63 82
1 2 6 7 10 11 14 23 39 49 52 55 60 65 68 69 70 92
6 17 18 22 23 30 31 36 41 43 45 50 52 58 61 62 80 83 90 92 96
6 11 12 13 14 22 34 36 42 44 48 50 51 60 63 69 70 75 82 85 93 94
3 9
62 11 48
0 2 3 4 5 7 9 11 12 13 14 15 19 22 23 24 25 26 27 28 29 34 35 38 39 42 43 44 45 46 47 48 49 50 52 55 56 58 59 61 63 65 66 67 69 71 73 74 76 77 78 79 82 83 84 85 88 90 92 93 94 95 96 97 98 99
5 14 16 19 27 38 40 44 57 62 65 77 79 84 87 97 99
1 4 11 13 20 23 28 33 38 39 42 43 44 48 55 61 72 73 76 84 87 89 95 98
4 32
73 83 56 0
2 4 7 8 9 10 12 13 15 16 17 19 23 24 25 27 28 29 30 31 33 37 38 40 41 42 43 46 48 49 50 52 53 54 55 56 57 60 62 63 64 65 66 67 68 72 73 74 78 79 80 81 82 83 87 88 89 90 91 95 96 97 98
0 2 4 5 6 7 8 9 10 13 14 15 16 18 19 21 22 23 24 25 26 27 29 31 32 33 37 38 39 40 41 42 43 46 48 49 50 51 52 54 55 56 57 58 59 61 62 63 64 67 68 70 71 72 73 74 77 80 85 86 87 88 92 93 94 95 97 98 99
3 12 15 20 24 25 27 28 29 35 36 38 39 40 53 56 65 67 70 74 75 76 79 80 84 85 87 92
1 3 8 9 10 11 13 15 18 21 23 24 25 26 28 29 32 35 37 38 39 41 42 44 49 52 53 56 58 59 60 63 65 67 69 70 73 74 75 81 82 84 85 91 92 93 94 95 97 98
5 94
35 55 71 38 23
0 1 2 3 4 5 7 8 9 10 11 12 13 14 15 16 18 19 20 21 22 23 24 25 26 29 30 31 32 34 35 36 38 39 40 41 42 43 44 45 46 47 48 49 50 51 52 53 54 55 56 58 59 60 61 62 64 66 67 68 69 70 71 73 75 76 77 78 79 80 81 82 83 85 86 87 88 89 90 91 92 93 94 96 97 98 99
7 13 14 16 20 21 28 29 33 34 37 40 41 44 49 59 61 68 69 71 74 75 76 81 82 85 91 96
1 2 4 6 7 8 9 10 12 13 15 16 17 19 23 24 29 30 32 33 34 38 39 42 45 47 49 52 53 57 60 61 63 66 68 69 73 74 77 79 84 88 89 95 96 98 99
1 3 4 5 6 8 9 10 11 12 13 15 16 17 18 19 20 21 22 23 24 26 27 28 29 30 31 32 33 34 35 36 37 38 39 40 41 43 44 45 47 48 49 50 51 53 55 56 57 58 59 61 62 63 64 65 66 67 68 69 70 71 72 73 74 75 76 77 78 79 80 81 82 83 84 86 87 88 89 90 92 93 94 95 96 97 98 99
22 29 34 45 52 72 76 84 87 93 94 96
2 71
97 98
0 1 3 4 5 6 7 8 9 10 11 12 13 14 15 16 17 18 19 20 21 22 23 24 25 26 27 28 29 30 31 32 33 34 35 36 37 38 39 40 41 42 43 44 45 46 47 48 49 50 51 52 53 54 55 56 57 58 59 60 61 62 63 64 65 66 67 68 69 70 71 72 73 74 75 76 77 78 79 80 81 82 83 84 85 86 87 88 89 90 91 92 93 94 95 96 97 98 99
0 2 6 7 11 18 30 31 33 34 39 47 49 54 58 61 66 68 70 73 75 76 77 78 80 81 84 86 92 98
4 71
5 54 81 27
3 7 8 11 17 22 23 24 25 27 32 35 36 38 43 45 51 53 56 57 61 62 64 65 75 78 83 85 88 97 99
8 17 30 48 64 77 87
6 13 14 16 18 24 37 43 51 56 62 68 72 74 76 77 80 90 93 96
5 6 15 18 19 20 30 33 34 41 42 45 47 48 53 54 59 71 78 86 89 91 95
4 18
16 52 19 0
0 4 5 6 9 10 11 12 13 14 15 16 17 18 19 20 21 23 25 26 27 29 30 32 34 35 36 37 38 39 40 41 42 45 46 49 50 51 53 54 56 57 59 60 61 64 65 66 67 70 71 72 73 74 76 77 79 80 81 84 85 86 88 90 91 92 94 95 96 97
0 1 2 3 4 5 6 7 8 9 10 11 12 13 14 15 16 17 18 19 20 21 23 24 25 26 27 28 29 30 32 33 34 35 36 37 38 39 41 42 43 44 45 46 47 48 49 50 51 52 53 54 55 56 57 58 59 60 61 63 64 65 67 68 69 70 71 72 73 74 75 76 77 78 79 80 81 82 83 84 85 87 88 89 91 92 93 94 95 96 97 98 99
0 1 2 3 5 7 8 9 10 13 14 17 18 20 21 23 26 27 29 30 31 32 34 35 37 38 41 42 43 44 45 46 47 48 50 52 54 55 56 57 58 59 60 61 62 63 64 65 69 70 71 72 73 76 77 79 80 81 82 89 90 91 92 95 96 97 99
0 1 2 3 4 5 6 7 8 9 11 12 13 16 17 18 19 20 21 22 23 25 26 27 28 29 30 31 32 33 34 35 36 37 38 39 40 41 42 43 45 46 47 50 51 52 53 54 55 56 57 58 59 60 61 62 63 64 65 66 68 70 71 72 73 74 75 77 78 79 80 82 83 84 85 86 88 92 93 94 95 96 97 98 99
4 49
69 13 9 42
0 1 4 5 6 9 11 15 16 17 18 19 20 22 27 30 31 33 34 37 39 40 42 44 45 47 48 49 51 53 54 57 61 62 63 64 67 68 69 70 72 73 74 75 78 79 81 82 84 90 92 93 94 95 96 97 99
1 3 5 6 7 8 11 12 13 14 16 17 18 20 21 23 25 26 27 28 29 30 31 34 35 37 39 40 41 46 47 48 51 52 53 56 58 59 60 63 64 66 67 70 71 72 73 77 79 81 85 87 92 93 94 98 99
0 1 3 5 6 7 8 9 10 11 12 13 14 15 16 17 18 19 21 22 23 24 25 26 28 29 30 31 32 33 34 35 36 37 39 40 42 43 45 46 47 48 49 50 53 54 55 56 57 59 60 61 62 64 65 66 67 68 69 70 71 72 73 74 76 77 78 79 81 82 83 85 86 87 88 89 90 92 95 96 97 98 99
1 2 3 4 5 6 7 9 10 11 13 14 15 16 18 20 21 22 23 24 25 26 28 29 31 33 34 35 36 37 38 40 43 44 47 48 50 51 52 53 55 57 58 59 61 62 64 65 69 70 72 73 74 75 76 78 79 82 83 84 85 86 87 89 91 94 95 97 98 99
5 57
91 16 94 56 61
1 2 3 4 7 10 11 12 16 17 18 19 20 21 22 25 27 29 31 32 33 34 35 36 37 38 40 41 42 44 46 48 49 50 51 52 54 55 57 59 60 61 62 63 64 65 68 69 70 72 74 75 76 77 79 80 81 82 84 85 87 88 89 90 91 93 94 97 99
0 1 2 3 4 5 6 7 8 9 10 11 14 15 19 20 21 22 24 25 27 28 30 31 33 34 35 36 37 40 41 42 43 44 45 46 47 48 49 50 52 53 54 55 56 57 62 64 65 66 67 69 70 72 73 74 77 78 79 80 81 82 83 84 85 86 87 88 89 90 91 93 94 95 97 98
0 1 2 4 7 8 11 13 14 15 16 17 18 19 21 23 24 26 28 29 31 33 34 37 38 39 40 41 42 43 44 46 47 48 49 50 51 53 54 55 56 57 59 60 62 63 65 66 68 70 72 73 75 76 77 78 79 82 83 84 87 88 89 90 91 94 95 96 99
0 5 12 22 28 42 48 50 61 71 75 78 87 95
2 3 7 13 15 17 19 21 24 31 37 38 40 41 45 53 55 61 66 69 73 87 89 94 97
2 28
26 28
23 42 48 67 68 86 93
0 2 18 23 30 36 38 40 42 45 48 54 56 58 70 78 80 81 89 91 93 94
5 93
71 19 4 59 0
0 1 6 12 13 14 15 17 19 20 21 24 25 28 29 30 34 35 38 40 41 42 44 45 46 49 52 53 59 64 65 66 68 72 73 76 78 80 82 83 85 88 89 90 93 94 96 99
14 16 17 30 40 45 48 50 51 57 59 70 74 75 82 85 91 93 98 99
0 1 2 3 4 5 7 8 9 10 11 12 13 14 15 16 17 20 21 23 25 26 27 28 29 30 31 33 35 37 38 39 40 41 42 43 44 45 47 48 49 51 52 53 55 56 57 58 59 61 62 64 65 66 67 68 69 70 71 72 73 75 76 77 78 79 80 82 83 84 85 86 87 88 90 91 92 95 96 97 98 99
2 3 4 5 7 9 10 11 12 14 15 17 19 21 22 23 25 28 30 31 33 34 35 36 37 38 42 43 44 45 46 47 48 49 50 51 53 56 57 59 60 62 65 66 67 70 74 75 80 81 83 84 85 86 87 88 90 94 96 97 98
13 17 25 30 39 41 47 53 61 64 66 77 78 82 90 95
5 82
24 64 19 84 47
0 1 3 4 5 6 7 8 10 11 12 13 14 15 16 17 18 19 20 21 22 24 27 28 29 30 31 32 33 34 35 36 37 38 39 40 41 42 43 44 45 46 47 48 49 50 51 52 53 54 55 56 57 58 59 60 61 62 63 64 65 66 67 69 70 71 72 74 75 76 77 78 79 81 82 83 84 85 87 88 89 90 92 93 94 95 96 97 98 99
11 23 25 41 49 53 54 64 75 82
1 2 6 10 13 16 20 22 23 24 28 31 32 33 37 39 40 41 42 45 48 49 51 53 56 57 70 71 73 75 76 81 82 83 85 86 88 91 92 93 94 95 96 98 99
0 1 2 3 4 5 6 7 8 9 10 11 12 13 14 15 16 17 18 19 20 21 22 23 24 25 26 27 28 29 30 31 32 33 34 35 36 37 38 39 40 41 42 43 44 45 46 47 48 49 50 51 52 53 54 55 56 57 58 59 60 61 62 63 64 65 66 67 68 69 70 71 72 73 74 75 76 77 78 79 80 81 82 83 84 85 86 87 88 89 90 91 92 93 94 95 96 97 98 99
2 12 17 31 39 41 42 45 56 57 72 76 79 84 92 94
2 48
61 15
0 1 3 5 6 7 8 9 11 14 18 22 24 26 30 31 32 34 38 42 43 44 45 46 47 48 49 51 53 59 62 64 66 67 68 71 72 73 75 76 80 83 84 85 91 93 94 95 98
1 2 4 9 12 24 26 29 47 53 55 59 65 74 89
3 12
79 76 32
1 2 3 5 7 8 9 10 11 13 16 17 18 19 20 25 26 28 31 32 35 36 37 38 40 41 42 44 45 47 51 55 56 60 62 64 65 66 68 70 71 74 75 76 79 81 82 84 87 95
0 1 2 3 4 6 7 8 9 10 11 12 13 14 15 16 17 18 19 20 21 22 23 24 25 26 27 28 29 30 31 32 33 34 35 36 37 38 39 40 41 42 43 44 45 46 47 48 49 50 51 52 53 54 55 56 57 58 60 61 62 63 64 65 66 67 68 69 70 71 72 73 74 75 76 77 78 79 80 81 82 83 84 85 86 87 88 89 90 91 92 93 94 95 96 97 98 99
0 1 2 3 4 5 6 7 8 9 11 13 14 16 17 18 19 20 21 22 23 24 25 26 28 29 31 33 34 35 36 37 41 42 43 44 45 46 47 48 49 50 51 52 54 55 56 57 58 59 60 61 64 66 67 68 69 70 71 72 74 77 78 79 80 81 84 85 86 87 88 89 90 91 92 93 98
2 33
2 6
20 21 22 29 34 36 37 42 55 58 63 70 77 78 83 91 94
2 3 4 5 6 8 10 11 13 14 15 16 17 19 21 22 23 24 25 27 28 30 31 32 33 34 35 37 38 40 41 42 43 44 46 47 48 49 50 51 52 53 54 55 56 57 58 60 61 62 63 64 65 66 67 68 69 70 71 72 73 75 76 77 78 79 80 81 82 83 84 85 86 89 91 92 93 95 96 97 99
1 7
83
0 1 3 4 7 13 15 19 21 22 24 25 28 29 30 31 32 33 35 37 38 41 42 44 49 50 53 54 55 58 59 60 63 64 69 73 74 75 81 85 86 88 89 94 99
1 41
71
0 1 2 3 4 5 7 9 12 13 17 19 21 26 30 32 33 34 35 36 37 40 41 44 45 46 48 49 50 52 53 54 56 59 60 61 67 68 69 70 71 74 75 76 79 80 81 82 83 85 87 88 90 91 94 95 96 97 99
2 39
16 2
1 2 3 16 18 24 26 27 31 33 40 42 46 48 51 61 64 65 69 73 82 83 85 86 90 94 99
0 1 2 3 5 6 7 8 9 10 11 12 14 15 16 17 18 19 20 22 23 24 25 26 27 28 30 31 32 33 34 35 36 38 39 40 41 42 43 44 46 47 48 49 50 52 53 54 55 56 57 58 59 60 61 62 63 64 65 66 67 68 69 71 72 73 75 76 77 78 79 80 81 83 84 86 87 88 89 90 91 92 93 94 95 97 98 99
2 27
50 20
1 2 3 8 9 11 12 13 15 19 21 22 27 29 30 31 33 34 36 40 41 42 44 53 54 55 57 58 61 62 66 68 75 76 78 79 80 85 90 92 94 95
0 2 3 4 5 6 8 9 10 12 13 15 16 17 18 19 20 21 22 23 24 25 26 27 28 29 30 32 33 34 35 36 37 38 39 40 41 43 44 45 47 48 49 50 51 52 53 54 55 56 57 58 60 61 62 63 64 65 66 67 68 69 70 71 72 73 76 77 78 79 80 81 83 84 85 87 88 89 90 91 92 95 96 98 99
2 8
72 90
3 5 8 13 16 23 24 28 34 38 42 43 45 49 54 56 59 60 63 71 85 94 97
0 1 2 3 4 5 6 7 8 9 10 11 12 13 14 15 16 17 18 19 20 21 22 23 24 25 27 28 29 30 31 32 33 34 35 36 37 38 39 40 41 42 43 44 45 46 47 48 49 50 51 52 53 54 56 57 58 59 60 63 64 65 66 67 68 69 70 71 72 73 74 76 77 78 79 82 83 84 85 86 87 88 89 90 91 92 93 94 95 98 99
1 61
28
7 9 11 12 23 25 30 35 48 52 54 56 60 69 76 82 85 90 93 94 96
5 62
32 37 37 3 43
0 1 2 3 4 5 6 7 8 9 10 11 14 15 16 17 18 19 20 21 22 23 24 27 28 29 30 31 32 36 37 38 39 40 41 42 43 44 45 46 47 48 49 50 51 52 54 56 57 58 59 61 62 63 64 65 66 67 68 69 70 74 75 76 78 79 80 81 83 84 85 86 87 89 91 92 93 94 95 96 97 98
0 1 2 3 4 5 6 8 9 11 12 13 14 15 16 19 21 23 24 25 28 29 30 32 33 34 35 36 37 38 39 40 41 42 43 44 45 46 47 48 49 50 52 53 54 55 56 57 58 59 60 61 62 63 64 65 66 67 69 70 71 72 73 75 76 77 78 79 80 81 82 83 84 85 86 87 88 89 90 91 92 93 94 95 96 97 98 99
0 5 6 8 9 10 11 12 13 17 19 20 22 23 24 25 26 27 28 29 30 35 36 40 42 43 44 47 49 50 51 52 53 54 56 58 62 64 66 67 70 71 72 73 74 77 78 79 81 83 84 85 86 87 88 89 93 95 97 98 99
0 1 2 3 4 5 6 7 8 9 10 11 12 13 14 15 16 17 18 19 20 21 22 23 24 25 26 27 28 29 30 31 32 33 34 35 36 37 38 39 40 41 42 43 44 45 46 47 48 49 50 51 52 53 54 55 56 57 58 59 60 61 62 63 64 65 66 67 68 69 70 71 72 73 74 75 76 78 79 80 81 82 83 84 85 86 87 88 89 90 91 92 93 94 95 96 97 98 99
0 1 2 3 4 5 6 7 8 9 10 12 13 14 15 16 17 18 19 20 21 22 23 24 25 26 27 28 29 30 31 32 33 34 35 36 37 38 40 41 44 45 46 47 48 50 51 52 53 54 55 56 57 58 59 60 61 62 64 65 66 67 68 69 70 71 72 73 74 75 76 77 78 79 80 81 82 83 84 85 86 87 88 89 90 91 92 93 94 95 96 97 98 99
1 82
47
1 3 4 11 12 13 14 15 18 19 23 25 33 35 39 44 45 47 49 53 57 58 60 61 63 66 67 77 78 80 82 83 84 87 89 90 91 93 94 95 96
5 1
20 43 36 68 90
3 4 6 12 15 23 25 34 35 37 39 44 49 51 54 57 59 64 66 67 70 74 81 83 84 90 91 92 94 98
25 52 61 64 77 80 82 84 99
3 4 6 9 14 15 21 22 23 25 30 35 36 37 43 45 47 49 51 54 57 60 62 63 64 67 68 69 70 71 72 82 83 85 87 89 95 97 98
2 3 4 5 6 7 8 9 10 11 12 13 14 15 16 17 18 19 20 21 22 23 24 25 26 27 28 30 31 32 33 34 35 36 37 38 39 40 41 42 43 44 46 47 48 49 50 51 52 53 54 55 56 57 58 59 60 61 62 63 64 65 66 67 68 69 70 71 72 73 75 76 77 78 80 81 82 83 84 85 86 87 88 89 90 91 92 93 94 95 96 97 98
1 2 3 5 6 7 8 9 10 11 13 14 15 16 17 18 19 20 21 22 23 25 27 28 29 32 37 38 39 40 41 43 44 46 47 48 49 51 52 53 54 56 57 59 60 61 62 63 65 66 67 68 69 70 71 72 73 74 75 76 77 78 80 81 82 83 85 87 88 89 90 91 93 94 95 98 99
3 47
51 34 43
76 79
0 3 4 5 6 7 8 9 11 13 14 15 18 20 23 25 26 27 31 34 35 37 38 39 40 41 42 44 47 48 49 51 52 53 55 56 59 60 61 62 63 64 65 66 67 69 70 71 74 76 77 78 79 81 82 83 84 85 87 93 97 99
3 13 21 36 37 47 62 68 78 85 94
4 18
5 22 47 28
0 3 4 5 6 17 18 22 25 27 29 43 44 48 49 50 51 54 57 65 69 74 75 78 82 83 84 85 94 97 99
0 1 2 3 4 5 6 7 9 10 11 12 13 14 15 16 17 18 19 21 22 23 24 26 27 28 30 31 32 34 37 38 39 40 41 42 43 44 46 47 48 49 51 52 53 54 55 56 57 58 59 60 61 62 63 64 65 66 67 68 69 70 71 72 74 75 76 77 78 79 80 81 82 83 85 86 87 88 89 90 91 92 93 94 95 96 97 98 99
1 2 10 12 20 21 22 27 28 29 36 37 43 45 46 47 48 52 53 59 66 69 71 76 82 84 85 87 93 97
0 1 2 3 7 15 16 17 18 21 23 26 27 28 29 32 33 37 38 41 42 43 44 45 47 48 50 52 53 54 55 59 61 62 63 66 68 69 73 74 76 77 79 80 81 82 83 85 89 90 91 93 95 98
2 97
72 36
0 1 2 3 4 6 7 9 10 12 13 14 16 17 18 19 20 21 22 23 24 27 28 29 30 31 32 33 34 35 36 37 38 41 42 43 45 46 47 49 50 51 52 53 54 55 56 57 58 59 60 61 62 63 64 65 66 67 68 70 71 72 73 74 75 76 79 80 82 83 84 85 86 87 88 90 91 93 94 95 96 97 98 99
0 1 2 3 4 5 6 7 8 9 10 11 12 13 14 16 17 18 19 20 21 22 23 24 25 26 27 28 29 30 31 32 33 34 35 36 37 38 39 40 41 42 43 44 45 46 47 48 49 50 51 52 53 54 55 56 57 58 59 60 61 62 63 64 65 66 67 68 69 70 71 72 73 74 75 76 77 78 79 80 81 82 84 85 86 87 88 89 90 91 92 93 94 95 96 97 98 99
