4 4
37 28 2 37
2 3 5
3 4 9
4 1 2
3 1 12
17 15
21 47 45 31 4 45 4 10 38 2 46 16 5 35 46 26 19
17 15 4
12 3 13
17 1 13
3 10 8
9 5 6
4 14 15
7 6 9
10 15 2
8 7 8
13 16 11
3 13 15
14 7 4
15 7 12
15 17 8
11 14 1
10 16
15 34 14 40 38 22 15 41 43 45
1 8 11
4 3 2
3 9 8
7 10 11
3 5 10
6 2 10
3 1 10
8 5 11
10 4 12
4 6 8
5 3 4
10 7 5
9 8 7
6 9 9
10 5 3
7 8 12
14 19
28 24 46 45 39 37 27 44 21 4 28 17 34 45
12 4 4
9 7 10
10 3 3
5 13 12
7 8 15
7 13 5
6 9 4
2 11 1
4 13 8
10 7 8
11 3 2
9 11 11
11 6 14
7 8 9
3 14 3
12 6 6
5 11 13
7 5 13
10 3 12
7 4
21 18 24 19 21 34 42
6 1 8
6 1 13
5 6 10
1 3 3
11 17
46 3 49 24 32 28 9 9 48 35 29
10 6 2
11 2 15
7 9 15
5 6 12
3 5 6
11 3 15
5 3 5
5 2 6
2 8 4
4 5 8
9 6 5
8 7 13
5 1 11
9 1 5
2 3 15
2 10 10
4 10 3
7 4
44 47 17 25 12 47 1
7 6 14
2 5 2
3 4 6
7 6 15
12 19
42 19 5 10 10 16 14 4 7 10 49 5
1 6 7
5 4 3
6 5 3
6 11 7
5 12 6
1 4 2
5 6 6
10 11 12
3 6 5
4 5 15
8 2 13
5 6 7
2 10 1
7 1 7
11 12 4
3 7 6
12 4 2
9 10 6
3 8 2
17 6
8 14 20 22 9 18 13 36 33 3 8 40 16 41 50 10 5
14 6 14
10 11 8
6 12 5
8 10 6
10 16 14
10 15 10
13 20
45 27 25 49 36 16 15 27 15 26 31 45 47
12 8 14
3 8 11
10 6 7
11 2 10
4 7 13
4 13 4
10 13 10
4 2 10
12 7 10
6 9 9
3 5 15
10 5 7
3 2 2
6 9 7
1 7 7
2 4 7
2 10 6
3 7 5
9 12 2
6 10 14
20 16
35 47 23 11 11 6 3 47 23 14 28 25 2 34 36 2 8 46 5 25
3 2 6
10 17 7
11 19 5
6 19 15
1 7 2
6 17 14
20 4 4
5 3 15
10 19 13
7 18 3
8 12 5
5 12 5
15 3 2
13 12 10
11 18 15
8 6 7
19 3
11 9 5 15 35 45 7 13 42 45 45 15 13 41 6 39 25 20 3
7 12 12
2 7 9
10 16 15
12 18
15 35 25 32 19 21 38 31 13 34 27 29
2 10 2
8 2 11
1 8 6
6 2 1
2 11 12
11 5 7
5 12 13
12 11 3
2 4 7
9 1 3
10 3 4
5 8 6
10 4 12
7 5 4
10 3 14
2 1 9
1 4 14
3 5 11
7 6
6 4 9 50 48 17 13
1 4 15
2 1 3
5 1 13
3 2 10
3 4 15
4 2 6
15 5
46 3 22 1 8 30 3 5 46 17 30 10 36 42 8
6 5 6
14 3 3
14 4 11
6 3 7
11 8 2
2 2
49 10
1 2 14
2 1 9
6 16
46 27 28 10 20 40
5 3 3
4 6 9
2 4 2
3 6 1
4 3 11
6 4 3
4 2 15
2 6 7
4 5 5
2 4 6
5 6 3
3 4 15
4 1 7
6 2 1
4 3 8
2 5 15
15 1
21 10 9 25 25 48 23 22 11 27 7 4 25 38 39
4 6 5
18 14
7 31 24 7 27 49 3 28 43 8 18 15 17 28 42 43 25 14
18 3 15
11 13 6
13 12 3
2 6 6
10 5 9
17 3 15
7 13 2
11 13 11
17 15 4
6 16 5
8 15 10
18 3 13
11 14 13
15 11 10
11 3
7 18 23 21 7 41 40 25 5 14 13
9 10 13
3 2 2
2 6 3
14 1
47 8 8 17 16 7 22 20 14 39 43 36 48 35
10 7 10
5 8
23 46 15 25 40
5 2 11
1 2 12
5 4 1
3 2 10
3 2 6
3 4 8
5 3 8
1 4 11
5 12
18 6 5 27 43
3 1 2
5 1 3
1 4 2
2 4 14
5 4 3
5 3 9
3 5 8
1 2 3
5 4 5
1 3 2
3 4 2
3 2 6
8 7
11 17 27 10 2 20 1 42
2 5 10
4 7 9
2 7 4
7 6 8
4 5 2
3 5 3
7 2 8
5 1
45 23 29 4 26
2 3 9
3 2
29 21 37
3 1 5
2 1 12
2 4
40 13
2 1 2
1 2 9
1 2 12
1 2 7
11 19
42 49 29 14 38 8 12 19 41 19 41
11 9 5
5 9 3
2 11 3
3 9 11
10 6 15
10 1 6
4 10 14
5 9 13
7 6 6
2 6 15
9 8 4
6 11 5
6 10 3
3 4 14
10 6 12
8 4 2
10 2 7
3 9 4
7 3 2
17 10
11 41 35 26 16 41 37 3 30 19 8 15 4 42 9 48 38
17 16 11
17 3 2
9 3 8
10 5 10
16 10 5
11 4 6
13 11 13
1 12 7
11 13 13
11 9 7
3 6
22 20 23
3 2 7
1 2 2
3 1 13
3 1 15
1 2 13
2 3 1
3 6
39 22 8
2 1 4
1 3 2
1 2 2
2 3 4
3 2 5
3 2 4
14 6
8 41 9 50 26 34 40 47 43 6 42 22 45 37
7 13 1
4 11 2
14 11 12
4 3 8
14 8 3
11 9 2
3 7
42 38 36
2 3 14
3 1 13
1 3 5
2 1 7
2 3 7
2 3 6
2 3 9
4 15
35 48 34 28
1 3 3
4 1 6
3 1 4
4 3 9
2 1 13
2 4 13
4 2 3
1 3 9
2 3 11
4 1 12
3 1 1
1 4 15
1 2 5
4 2 15
2 4 7
9 12
47 18 15 19 28 8 29 6 12
1 5 7
7 4 7
5 1 3
7 8 8
2 6 2
6 7 8
1 8 8
5 7 10
1 6 14
6 4 9
1 9 4
2 7 2
16 4
30 49 41 19 38 46 18 26 45 1 15 21 9 47 1 14
10 5 12
9 2 6
13 12 1
2 1 9
17 5
30 42 5 48 32 2 15 7 49 15 22 21 26 18 21 39 16
7 14 8
3 16 5
8 11 5
11 2 13
6 2 12
7 12
4 1 44 19 8 42 35
2 6 8
2 3 11
3 6 10
3 4 14
2 1 10
4 7 5
5 7 12
1 5 5
2 4 8
7 2 4
7 1 10
4 3 5
5 1
9 11 26 20 6
3 2 5
10 4
30 24 39 26 11 37 17 15 42 49
9 6 4
6 9 6
7 3 10
10 8 15
9 17
41 5 29 8 30 23 3 11 49
2 4 14
1 3 8
7 2 1
1 7 9
5 1 2
5 3 1
7 8 8
2 1 7
8 2 9
7 6 2
2 5 1
2 5 8
9 2 6
9 7 14
6 7 10
1 9 8
3 4 9
18 11
35 35 20 20 9 21 45 44 3 26 3 5 11 42 13 46 23 38
18 4 5
6 7 8
17 8 14
11 10 14
1 14 15
17 4 10
4 16 4
8 5 14
13 5 13
13 2 10
12 4 15
13 11
4 7 24 36 22 28 26 46 13 50 40 20 35
6 10 4
12 7 6
11 12 10
8 6 2
1 5 13
1 6 1
3 12 1
12 9 8
12 9 11
5 4 2
3 6 5
13 15
13 2 17 6 21 5 33 37 18 3 5 7 21
13 11 5
11 8 12
6 8 5
9 6 4
4 7 4
2 1 15
11 6 6
1 13 11
10 11 8
7 12 12
6 2 12
2 9 2
9 1 2
1 5 11
10 2 5
11 13
5 46 26 46 38 44 7 33 44 5 48
5 2 6
5 3 2
8 3 4
3 9 12
4 7 7
3 4 3
11 5 12
7 2 12
4 10 14
2 3 5
3 4 4
4 3 9
4 3 9
8 20
17 41 18 31 5 30 9 32
3 4 11
5 4 14
7 5 12
5 6 9
8 3 12
6 7 5
4 1 6
8 6 9
6 3 9
2 8 15
4 3 2
8 6 1
7 2 4
3 8 12
5 2 1
8 7 14
5 3 5
8 2 9
5 4 2
6 3 9
9 17
50 3 43 2 8 1 33 27 35
8 9 4
9 4 5
5 9 1
5 3 10
5 8 3
8 6 2
1 3 11
3 6 13
9 5 2
7 5 7
1 8 13
7 9 2
2 9 10
4 9 4
1 8 14
7 4 15
7 4 2
18 5
20 47 3 21 2 23 37 7 38 45 23 49 23 35 24 12 10 14
6 11 15
17 12 7
2 9 1
13 4 14
6 10 3
17 4
11 14 50 18 3 46 42 1 19 26 26 32 37 39 39 13 25
8 3 6
3 16 11
11 15 8
5 12 2
20 15
37 16 24 40 11 15 40 29 42 16 13 28 6 1 42 31 2 50 28 17
16 6 4
13 3 11
18 6 4
12 19 6
7 6 10
1 17 1
4 7 13
14 9 11
5 1 8
5 2 10
6 10 15
10 4 11
7 1 6
11 12 11
7 17 13
10 5
12 13 7 40 16 7 23 11 39 6
1 7 3
6 8 2
5 3 4
1 4 10
1 5 12
11 10
9 16 9 25 27 21 33 18 37 42 40
7 8 1
3 1 3
6 2 4
3 5 8
8 7 9
6 5 5
4 1 5
4 1 9
4 6 14
4 11 15
14 14
14 21 50 46 23 43 44 43 48 19 27 39 14 30
13 7 13
13 8 8
14 8 11
7 3 7
5 8 12
12 13 2
13 12 1
1 8 10
7 4 4
4 14 13
8 6 11
1 8 7
1 9 14
7 9 5
8 7
8 31 2 14 13 43 46 36
6 7 4
3 1 2
3 6 13
8 3 11
8 1 5
2 3 8
2 8 11
8 13
5 34 15 49 31 50 27 1
5 7 12
2 4 4
4 6 14
4 5 12
7 4 14
1 6 13
2 7 3
8 7 9
8 1 14
6 5 6
4 3 3
7 6 1
4 7 4
11 1
43 4 10 23 40 19 47 37 50 22 6
8 6 4
6 12
45 33 39 30 43 8
6 2 3
2 6 13
4 5 15
5 4 12
6 5 4
4 1 9
5 2 4
6 2 13
3 2 13
4 2 6
3 5 1
5 3 8
19 7
6 16 1 35 46 36 15 47 24 27 3 22 24 43 15 2 23 39 23
10 6 7
11 14 11
4 9 1
2 14 7
5 8 10
5 12 10
10 3 10
13 15
21 44 17 37 47 41 27 20 1 31 3 35 39
9 5 12
7 4 8
10 13 12
13 7 3
6 3 3
2 9 13
6 9 11
12 3 7
8 9 9
13 1 8
13 5 4
9 12 7
11 10 13
4 9 4
12 3 12
11 16
25 47 19 1 34 2 4 42 35 37 2
9 7 7
8 10 10
1 7 2
3 2 6
8 11 1
11 1 12
4 6 10
2 1 5
11 3 9
7 5 3
5 10 4
9 2 3
7 8 5
2 7 13
10 8 1
4 11 14
20 6
7 49 45 13 34 29 8 22 16 11 9 1 14 1 33 36 10 20 3 42
20 1 6
8 5 6
17 10 4
2 14 5
6 4 8
6 17 10
5 13
7 1 23 22 1
4 2 7
5 4 14
5 3 10
1 3 14
4 1 2
2 1 4
2 5 11
4 1 3
4 1 1
5 3 10
3 5 1
2 5 13
5 4 7
8 15
27 27 37 38 48 6 17 24
6 2 9
2 8 2
3 7 4
3 1 13
1 6 13
3 2 6
8 7 5
8 3 15
4 5 9
2 7 2
7 8 3
1 7 11
3 5 14
5 6 4
5 3 8
14 4
30 5 15 11 33 41 17 37 4 14 41 24 27 19
4 5 3
12 13 14
8 13 4
12 14 14
17 2
21 28 17 1 34 34 11 18 24 29 5 29 44 47 4 21 17
17 7 7
17 15 12
14 8
20 36 29 46 50 50 16 30 19 18 15 2 31 33
7 1 4
1 8 7
11 3 10
12 1 1
6 12 4
9 6 11
5 14 1
4 3 3
4 16
16 5 47 48
2 3 8
2 3 10
2 3 4
2 1 15
1 2 2
3 2 13
1 4 4
2 3 13
3 4 13
4 1 9
2 3 10
3 1 14
4 2 10
1 2 1
4 3 11
2 4 15
9 18
3 42 29 18 23 37 22 25 7
6 4 8
6 4 12
5 2 8
7 3 10
1 8 12
9 4 15
9 7 6
6 1 14
8 7 6
1 7 8
9 1 14
8 6 4
1 9 1
8 6 14
3 4 1
8 6 6
8 6 6
3 4 4
19 3
49 37 31 26 9 16 50 12 13 35 34 14 12 46 44 43 18 17 3
6 2 4
11 4 15
8 12 3
13 8
35 3 4 18 30 15 33 29 26 47 15 11 10
10 8 5
12 10 11
6 12 7
3 4 13
7 13 4
11 2 13
13 11 4
4 13 3
15 13
5 42 20 15 3 48 22 8 18 45 30 40 42 6 35
8 4 10
4 14 1
8 14 1
11 4 1
5 3 11
4 7 4
15 1 1
7 13 10
8 10 15
11 2 2
14 13 10
4 7 5
9 15 12
13 7
35 38 41 24 35 40 20 23 5 29 15 20 12
12 6 4
12 8 14
13 2 4
2 9 7
6 7 1
13 12 4
8 2 2
15 14
41 42 8 47 21 22 18 32 36 21 23 31 44 33 13
3 2 2
15 8 7
8 15 4
7 11 8
9 12 13
11 9 15
3 10 14
6 5 11
13 10 7
11 10 9
4 12 3
3 5 2
10 3 1
5 7 7
8 13
8 26 11 3 10 17 22 20
4 1 11
3 5 2
6 5 2
8 3 4
8 5 13
3 2 13
3 7 12
7 3 4
5 6 13
6 7 9
6 5 2
3 8 8
7 5 8
11 9
41 22 37 25 9 14 29 19 45 20 30
11 8 10
3 11 4
5 9 6
11 6 10
1 5 7
11 7 5
6 2 14
5 4 4
1 8 7
18 13
13 13 45 12 34 11 35 17 48 1 35 50 34 49 1 33 6 25
3 17 12
10 16 14
2 13 2
3 11 14
4 9 11
13 17 1
18 9 10
2 12 9
9 10 2
11 8 9
8 4 6
3 13 7
16 3 5
15 16
17 36 40 18 43 17 30 36 5 27 45 43 25 38 30
6 2 12
10 7 12
5 12 5
5 3 12
6 15 14
13 8 4
8 10 10
10 4 1
14 11 13
3 10 9
8 3 5
14 1 7
2 12 11
12 9 7
3 5 4
10 11 2
4 11
31 30 39 45
2 4 15
4 3 13
4 1 12
3 2 9
3 2 4
1 3 6
2 1 7
3 4 2
4 2 13
1 2 12
1 4 12
10 14
36 32 25 48 7 42 27 45 33 25
4 10 14
5 7 4
7 5 15
6 2 3
8 7 2
2 8 14
1 5 11
3 1 8
9 7 7
10 4 11
1 9 14
4 3 11
8 1 14
8 7 10
16 14
49 17 17 3 22 50 39 2 30 33 26 36 23 32 19 23
5 10 13
4 11 11
16 7 15
2 9 7
11 4 8
8 9 14
5 9 15
12 7 9
2 15 10
1 12 15
10 4 14
5 12 5
13 11 5
1 13 10
3 5
13 6 43
1 2 14
2 3 7
3 2 7
2 1 1
3 1 8
17 20
20 21 40 44 34 9 6 39 1 8 11 18 43 2 41 41 40
11 2 4
14 5 5
17 7 11
2 4 8
11 2 13
14 5 8
13 14 7
3 17 14
3 15 10
14 5 6
15 6 9
9 2 9
8 17 12
17 3 4
10 12 8
14 16 1
9 3 7
3 2 5
5 16 6
9 3 3
6 19
3 33 23 38 33 31
5 3 8
3 5 15
2 5 8
3 2 15
4 6 4
2 6 1
3 6 3
1 3 5
1 5 5
1 2 13
2 4 15
4 1 11
6 2 5
4 1 9
1 5 5
5 6 4
2 6 1
1 4 6
2 5 14
8 7
11 13 19 13 38 24 46 26
8 5 12
5 2 8
3 2 12
6 7 15
3 2 13
2 8 3
5 2 5
8 1
34 28 3 22 4 48 47 36
6 1 12
10 10
35 15 16 40 27 3 49 38 7 8
9 1 2
7 2 7
7 2 10
3 1 9
9 10 5
1 8 8
9 10 1
8 7 7
7 2 6
6 8 6
20 13
23 44 11 16 12 42 36 32 45 12 1 45 21 10 25 25 1 16 13 6
11 13 14
19 4 4
4 13 10
8 19 14
10 4 1
14 6 1
18 19 2
14 2 14
9 1 3
18 14 11
8 6 10
6 1 5
1 14 14
19 1
4 47 10 44 22 35 22 31 2 10 42 16 21 14 6 3 39 11 2
4 17 4
9 9
46 18 12 9 49 45 39 4 44
8 5 5
5 4 7
9 8 10
1 4 1
3 5 9
1 6 13
9 5 3
9 4 13
1 3 13
5 20
26 8 42 25 25
5 3 3
4 5 5
3 1 5
3 1 11
3 2 3
3 4 5
4 1 1
2 4 13
4 3 8
1 5 2
5 4 12
2 5 7
2 5 14
3 5 10
2 4 11
2 3 14
2 3 15
4 1 11
1 5 3
2 1 14
4 14
32 19 2 18
3 1 12
2 3 6
1 4 3
3 4 1
3 4 10
3 2 10
2 3 11
4 3 5
4 1 14
1 2 9
3 1 7
2 1 3
1 4 4
4 1 4
13 10
49 20 3 14 46 25 45 18 26 34 37 8 46
9 13 9
8 13 14
11 3 6
2 11 7
3 2 8
7 12 2
4 5 7
4 1 8
2 11 13
13 7 2
13 20
38 36 46 36 1 49 3 21 27 37 9 33 19
6 10 15
12 9 15
12 2 2
10 12 1
5 6 1
3 8 7
3 8 13
4 5 8
13 1 4
10 9 11
7 8 3
4 13 6
5 10 2
5 10 2
10 13 2
7 4 4
3 10 8
9 7 5
9 8 6
4 1 3
4 12
18 23 11 37
3 1 5
2 3 13
3 1 11
1 4 6
4 1 8
4 3 2
2 3 7
2 1 8
4 1 10
4 1 2
1 4 3
2 4 13
9 17
50 46 7 40 45 6 10 10 4
2 3 11
1 6 3
8 6 4
5 1 6
6 9 15
8 3 4
4 3 9
4 9 12
8 3 11
8 4 3
2 7 7
5 3 4
1 2 3
8 1 13
2 8 12
8 1 7
2 3 8
13 10
21 25 14 48 47 27 35 24 26 47 2 5 42
2 12 12
10 13 14
1 10 6
6 13 13
6 2 9
5 6 8
4 5 3
10 13 12
9 7 12
13 5 9
20 13
34 19 17 49 42 39 33 49 29 44 37 20 1 22 1 17 17 1 7 24
5 19 15
17 2 4
11 2 4
3 6 12
2 4 11
20 7 15
10 6 14
19 14 1
1 15 3
4 11 6
2 15 6
15 16 9
9 19 4
3 4
49 1 40
2 3 1
1 2 13
3 1 11
2 1 3
15 2
43 46 4 39 47 29 45 34 14 25 32 20 49 15 18
14 6 9
7 13 11
5 14
32 8 42 21 7
3 4 10
5 1 13
4 2 3
4 2 3
4 3 9
4 2 15
1 5 13
1 2 3
4 1 1
2 4 15
5 3 2
3 2 13
5 2 11
3 1 5
2 2
28 50
1 2 13
2 1 7
6 17
44 29 46 1 38 20
2 1 11
4 2 6
2 3 10
2 3 9
4 3 15
4 2 4
3 4 10
2 6 1
1 4 6
4 5 4
5 3 6
2 4 11
3 6 12
4 3 2
6 2 11
1 5 13
4 2 10
12 13
35 48 31 17 34 8 15 50 26 5 4 3
5 8 7
5 11 10
7 3 1
10 9 6
5 11 12
3 5 5
2 5 10
7 9 5
6 7 5
11 1 15
7 8 4
1 4 1
10 2 9
13 3
19 15 25 38 19 37 29 5 46 50 11 38 29
13 7 1
13 10 15
10 7 12
5 10
45 46 36 28 10
5 2 13
2 1 11
1 2 15
3 2 15
4 5 6
2 5 9
2 5 10
4 5 2
5 1 15
4 3 15
12 9
18 38 40 16 34 43 3 10 26 21 22 15
9 11 1
3 8 7
6 2 3
9 11 14
8 1 13
3 8 3
4 12 5
2 9 10
2 3 7
10 18
20 10 49 48 2 28 10 28 15 4
6 5 10
7 1 7
5 10 10
1 7 6
6 5 8
3 7 14
1 2 8
9 3 2
8 4 14
2 3 14
6 7 4
6 4 5
5 10 2
3 1 14
9 4 9
7 1 6
8 6 3
2 10 13
13 5
5 46 19 46 34 37 31 27 40 38 29 2 4
3 4 1
6 13 11
7 8 12
10 2 1
3 7 12
17 18
38 37 13 6 32 47 43 13 25 32 2 3 35 6 9 19 23
9 11 14
8 3 2
10 13 3
17 1 9
12 17 10
6 5 7
17 6 6
12 11 2
16 1 4
12 9 7
12 2 12
10 13 13
2 16 7
2 16 13
9 6 6
14 3 11
10 5 4
11 2 5
11 12
40 4 22 11 30 16 36 36 14 16 15
9 4 3
8 11 2
9 8 10
7 11 1
7 9 14
3 9 5
11 6 10
10 11 12
11 3 14
2 3 14
8 9 7
4 5 6
6 20
13 26 50 22 45 3
2 3 4
3 2 4
4 5 4
6 3 5
5 4 6
4 1 13
1 2 15
4 1 4
4 2 10
6 5 5
5 1 8
2 1 3
3 5 6
3 5 11
1 2 1
2 1 6
1 6 5
1 6 15
6 4 7
5 6 10
13 17
26 37 5 39 34 37 18 27 37 10 34 43 28
10 7 7
11 8 11
2 8 3
13 4 9
1 11 14
1 12 1
3 12 12
10 13 1
2 7 10
10 3 2
8 12 15
5 6 10
6 2 5
8 7 15
8 4 13
10 2 6
12 2 9
2 2
29 9
2 1 5
1 2 15
18 16
15 4 4 3 3 24 42 5 24 45 40 23 11 19 50 24 39 43
8 11 1
10 8 10
5 15 6
13 5 15
15 2 3
12 5 11
7 11 4
1 17 13
13 11 13
9 5 12
17 15 5
8 2 14
11 16 11
3 18 10
16 2 5
9 4 15
2 3
31 31
2 1 7
1 2 11
1 2 7
5 14
43 31 44 7 44
2 1 7
1 5 15
4 1 5
4 3 7
2 4 13
1 5 14
5 3 10
4 1 1
2 5 15
3 2 1
3 5 14
4 1 10
4 2 15
3 1 3
14 1
7 32 33 2 31 15 16 25 33 17 22 27 10 11
7 3 14
19 16
49 22 41 40 4 36 39 49 14 27 3 26 33 35 8 36 17 25 4
15 3 15
8 17 14
13 2 13
8 14 5
8 2 6
16 5 11
6 16 1
3 2 2
11 15 6
19 7 15
2 8 6
18 15 2
16 2 3
8 17 2
9 16 15
10 2 11
8 18
43 3 42 37 46 20 19 47
1 6 6
7 4 4
2 6 5
1 2 6
3 6 12
6 2 9
5 6 8
5 7 7
3 7 8
3 4 6
3 1 3
1 5 6
7 2 4
7 3 1
4 1 2
2 7 3
6 3 2
4 3 8
15 11
15 19 6 45 36 50 29 9 33 22 3 23 8 25 13
8 4 11
6 13 15
6 15 2
14 6 11
6 2 4
2 3 2
6 3 10
9 14 15
7 3 7
9 2 6
13 9 5
4 11
45 7 16 30
4 3 15
3 2 2
1 3 11
1 4 1
3 1 2
1 3 8
2 1 12
4 3 14
3 1 11
2 3 10
3 1 4
11 14
1 37 43 8 9 16 48 24 46 27 4
7 10 15
8 7 13
10 9 5
2 1 8
2 7 9
4 7 12
7 5 14
8 9 15
4 10 10
3 2 5
4 8 12
11 7 4
9 4 7
4 11 4
13 14
43 3 46 1 9 16 3 21 44 22 33 48 38
5 8 14
5 12 1
10 6 4
3 6 14
11 4 10
7 8 3
3 10 10
11 3 7
6 4 8
13 3 5
1 7 4
5 8 11
3 13 14
12 7 4
13 17
41 36 20 9 33 26 33 44 35 29 1 18 8
8 11 3
9 11 6
13 4 3
6 8 5
5 2 6
4 9 13
7 10 15
7 3 1
8 13 1
10 6 8
7 5 5
6 11 7
1 7 3
2 8 4
1 2 1
8 7 10
13 1 8
14 5
6 29 27 8 25 38 49 29 18 43 16 5 6 49
7 14 2
11 3 12
8 7 5
14 8 14
6 7 6
10 16
19 24 14 28 50 4 27 31 21 19
7 6 11
8 4 1
2 7 5
2 1 8
8 5 5
4 3 11
9 5 11
3 5 4
4 3 2
4 9 4
10 9 9
8 5 1
3 1 5
2 5 1
7 9 11
1 6 5
6 1
34 13 23 42 47 26
1 4 13
10 11
37 21 32 47 33 34 11 29 21 2
1 6 14
6 1 1
8 3 5
1 4 4
5 6 5
6 3 12
1 10 4
4 6 2
8 3 6
7 3 11
2 7 3
12 15
31 12 27 8 8 22 20 16 37 26 23 30
10 2 1
1 2 2
6 7 11
2 3 15
10 9 3
4 10 4
6 12 8
6 1 11
7 9 13
8 9 11
7 6 1
1 10 6
7 6 8
9 7 6
1 9 2
10 20
43 24 31 36 8 23 44 30 40 24
1 3 1
7 6 1
3 8 7
8 9 6
6 7 3
6 10 6
8 1 12
3 5 4
2 10 6
1 3 6
3 8 8
1 8 9
8 6 3
8 2 10
3 7 11
8 6 8
7 6 5
8 10 7
6 1 9
3 4 14
3 7
3 18 5
3 2 11
3 2 11
2 3 5
1 3 14
3 1 5
3 2 6
3 2 13
10 12
6 49 46 8 43 26 47 7 16 47
5 4 11
1 8 6
6 3 15
6 10 15
8 2 1
10 7 4
10 6 7
8 3 7
2 1 12
8 7 4
6 3 5
6 2 10
7 4
45 33 19 1 26 48 41
3 7 4
6 5 3
2 5 9
1 6 3
15 18
28 23 26 14 28 39 10 13 9 10 38 6 3 40 15
9 13 13
1 15 2
5 15 10
4 14 12
2 7 11
4 9 5
12 2 6
2 9 1
4 13 3
14 9 7
3 2 7
10 9 7
1 2 3
15 11 6
6 14 14
7 10 2
15 6 5
8 11 13
7 2
7 27 26 7 39 49 39
6 5 3
1 5 4
9 15
35 27 44 22 28 25 3 4 42
5 3 2
8 5 12
1 5 8
1 4 3
1 9 4
4 1 3
8 6 4
9 5 3
7 1 15
5 8 5
8 5 7
1 7 15
3 6 15
4 3 7
4 3 14
10 8
25 10 1 5 46 11 20 8 16 9
1 7 8
1 9 15
8 3 6
3 9 5
3 5 3
4 9 8
1 8 8
4 9 12
19 6
13 43 22 24 41 20 24 34 39 24 25 33 23 35 21 25 44 8 18
18 10 8
14 1 14
13 16 4
12 13 4
6 7 2
19 6 9
5 5
7 22 19 39 44
1 5 11
5 3 8
2 5 14
2 4 3
5 2 4
12 1
31 40 39 4 1 7 2 47 15 25 17 3
7 6 1
11 11
33 31 13 28 3 13 26 49 6 19 16
4 11 1
1 11 1
1 2 3
1 10 7
3 9 2
3 2 2
5 4 11
9 11 10
4 11 11
8 11 11
1 8 3
11 3
13 48 42 17 23 20 36 22 15 7 42
8 11 4
1 4 9
11 8 15
14 10
11 39 50 21 22 19 46 36 32 45 28 50 17 49
2 13 10
14 11 8
7 1 3
13 14 4
2 14 3
3 7 11
12 3 6
14 11 1
13 6 7
4 9 13
9 6
3 47 6 43 36 23 48 22 18
2 7 6
7 9 1
6 3 1
8 2 9
5 8 2
3 4 1
7 8
21 36 40 20 41 33 5
3 7 3
7 6 11
7 6 9
5 4 2
4 5 15
2 7 14
5 2 2
1 7 8
4 4
20 10 29 2
3 2 9
4 2 13
2 4 10
4 2 8
19 18
26 25 43 32 1 47 8 15 40 5 17 18 8 38 29 36 41 44 49
5 9 2
13 19 14
15 18 12
12 13 13
1 3 2
4 14 3
18 12 4
19 12 8
18 8 9
19 17 2
8 2 15
6 12 8
1 4 14
9 16 11
9 15 11
1 3 8
18 14 4
17 3 11
8 6
39 38 46 8 8 8 22 29
6 5 5
3 8 15
5 3 12
5 3 2
8 2 1
4 1 4
13 2
42 32 27 30 19 23 39 26 32 13 6 29 10
1 12 6
13 8 2
17 8
43 36 30 6 21 44 47 12 4 31 3 35 7 34 6 31 23
3 7 2
15 2 6
1 14 4
9 5 12
14 6 4
17 15 9
7 12 13
6 10 3
5 7
44 23 42 27 47
1 5 15
1 2 8
1 2 1
4 5 12
2 3 6
2 1 5
4 1 12
11 6
33 24 12 5 16 38 4 42 30 38 8
6 7 10
2 4 2
6 11 14
2 9 4
11 8 15
2 5 3
2 4
45 23
2 1 6
1 2 2
1 2 14
1 2 5
13 6
9 44 41 34 5 12 45 42 26 46 49 20 18
6 4 5
7 8 7
12 11 4
9 10 9
7 13 1
5 12 15
4 6
13 25 29 9
2 4 14
1 3 9
3 1 8
2 3 5
1 4 11
3 1 1
4 7
31 27 12 3
1 4 12
4 3 15
3 2 10
1 3 13
4 1 8
1 2 12
4 2 10
2 1
46 33
2 1 6
14 11
24 37 47 12 33 27 5 44 35 21 38 41 16 36
9 6 3
3 12 11
8 1 1
11 14 10
4 6 7
8 13 7
11 3 3
13 1 15
3 11 12
9 12 7
12 14 1
7 1
39 43 17 6 23 20 20
3 1 14
9 4
18 37 12 24 37 5 8 43 41
9 1 11
5 3 4
2 6 1
3 4 3
20 6
49 46 45 30 6 45 33 24 33 45 49 19 1 9 11 41 36 32 8 24
17 4 4
17 13 5
10 11 14
16 7 12
20 3 9
16 8 11
14 8
42 44 7 42 2 19 34 37 50 44 12 43 32 6
12 2 15
3 14 1
4 1 15
11 4 3
2 13 11
7 2 14
9 14 13
14 3 1
15 1
37 5 28 47 18 37 14 14 14 48 46 4 41 38 13
10 9 4
13 4
11 22 41 8 38 3 44 3 11 42 13 49 48
11 6 6
9 10 14
5 2 4
9 10 14
15 17
45 22 15 10 32 36 2 42 25 7 35 27 17 28 40
3 5 11
8 10 11
6 9 12
2 4 13
1 7 4
7 13 3
6 3 3
7 4 14
3 15 5
8 13 1
10 3 4
2 4 14
14 12 2
14 7 14
14 5 2
12 10 4
9 12 13
6 2
6 44 30 17 36 49
5 2 10
4 5 12
12 12
13 50 37 46 19 37 39 50 15 4 46 4
3 10 15
4 9 1
5 10 9
8 3 10
12 11 5
3 8 13
12 7 4
2 1 13
4 8 12
7 5 5
9 7 12
12 3 12
18 5
48 40 14 17 10 17 19 27 22 13 35 41 6 31 7 19 13 12
2 12 3
15 13 9
5 1 9
9 17 11
12 1 5
16 4
50 2 12 26 25 24 13 17 29 43 24 50 6 37 31 15
15 1 10
10 11 7
16 4 3
1 2 7
19 20
38 46 44 16 23 19 28 39 50 20 14 49 27 1 29 43 9 2 18
18 1 6
2 18 12
5 15 8
19 8 14
6 7 12
11 18 1
16 7 12
2 6 10
19 11 13
17 7 6
17 8 13
15 9 5
7 6 4
11 5 5
17 18 9
15 19 6
18 11 12
5 15 12
12 10 1
18 11 1
9 2
5 46 18 20 35 34 10 9 50
2 8 9
9 1 10
3 1
48 12 26
2 3 6
14 6
8 41 9 21 48 4 38 17 38 23 27 48 25 40
11 8 5
4 6 14
2 13 4
1 3 13
8 14 4
14 3 8
5 4
50 41 39 37 9
2 3 5
3 1 6
4 1 7
4 1 10
18 16
34 49 9 11 28 2 44 27 42 34 15 50 12 26 37 37 13 14
3 15 9
10 2 12
8 16 9
14 2 4
5 8 9
14 2 6
4 9 9
5 7 15
4 10 3
13 12 7
13 6 7
4 5 3
11 3 4
6 2 7
8 9 1
3 8 6
12 16
15 25 48 43 30 31 48 22 2 16 30 41
8 12 5
5 3 10
11 7 13
10 4 9
7 6 2
7 12 3
9 7 13
7 2 7
3 10 10
8 5 12
8 3 13
2 12 15
9 4 14
6 4 11
12 1 4
10 5 6
4 7
18 11 23 21
3 2 3
2 3 8
3 2 11
4 3 9
4 3 10
1 3 5
4 3 8
3 8
49 18 26
1 2 1
3 1 3
3 2 8
1 2 9
3 2 3
3 1 8
1 3 9
3 1 3
15 13
22 9 43 44 15 32 45 25 24 50 50 10 8 10 26
5 2 5
14 3 4
8 14 4
2 14 1
15 1 14
4 14 3
5 3 2
5 4 15
6 3 15
12 2 2
5 10 13
7 14 11
6 10 4
11 16
47 6 49 19 46 22 47 28 41 43 46
11 8 6
7 4 10
4 8 4
11 9 10
3 10 4
9 2 8
1 8 13
2 11 15
1 2 4
9 10 9
3 8 2
7 11 11
8 5 6
7 2 15
8 1 10
3 2 10
8 5
9 2 17 19 10 47 8 8
1 6 4
6 4 12
2 7 12
8 7 10
2 4 11
13 13
17 8 49 35 44 7 38 11 25 47 9 32 6
7 4 9
12 11 5
6 5 13
11 7 5
6 3 14
13 10 2
11 9 4
7 1 3
13 2 12
6 2 2
11 7 3
9 7 8
13 5 10
4 8
19 24 19 39
2 1 4
2 1 7
3 1 3
3 4 14
2 1 13
2 3 1
1 2 10
3 4 1
13 5
41 41 33 1 18 24 13 26 50 48 18 20 38
6 9 6
12 13 4
1 11 8
12 7 11
9 2 2
2 1
10 1
2 1 15
8 1
22 47 8 19 9 19 4 10
7 3 4
11 8
23 20 31 29 21 49 47 37 5 6 38
11 5 14
8 2 11
10 9 10
2 5 3
10 6 2
8 2 5
8 5 15
7 3 5
12 20
16 26 46 22 15 10 6 30 50 44 22 7
8 11 12
6 4 15
9 1 4
8 9 4
12 2 7
1 3 3
10 3 8
8 12 15
7 3 9
12 10 7
11 8 6
6 11 5
6 12 11
3 12 10
8 10 13
3 6 13
5 8 10
9 4 7
7 10 7
1 7 9
10 13
10 48 4 43 50 50 16 36 11 38
5 3 6
3 2 7
2 9 7
1 5 2
9 1 11
2 6 6
2 8 14
6 4 10
2 3 5
1 3 14
9 5 12
3 6 11
7 5 9
12 7
15 14 36 21 19 9 38 48 42 3 31 18
7 11 6
9 4 11
4 10 2
3 6 2
5 8 3
10 4 11
5 7 9
8 7
22 36 24 21 30 27 2 47
2 1 7
7 5 9
3 6 13
4 8 15
8 1 4
4 2 1
5 3 2
19 2
28 4 1 6 5 49 50 21 5 16 45 5 45 22 29 27 13 17 9
16 6 9
15 3 10
19 15
32 36 36 9 39 39 14 46 37 15 18 44 33 12 48 27 33 29 6
8 16 9
1 19 9
19 18 4
14 5 3
7 14 15
18 3 15
15 18 12
9 6 10
5 6 9
16 6 12
10 4 6
9 7 2
7 19 15
8 4 8
3 14 11
12 2
45 29 45 38 27 24 49 16 35 20 7 22
1 12 10
6 8 2
20 20
39 42 37 35 29 37 21 27 6 5 23 36 1 10 15 24 8 32 8 30
1 18 7
7 11 8
1 6 9
14 12 15
20 8 11
11 4 9
7 1 6
17 9 10
10 13 5
9 14 14
9 12 12
8 2 4
8 7 4
11 10 9
18 17 8
14 2 15
6 5 1
6 20 7
18 6 6
4 2 1
16 7
40 18 8 37 8 6 6 33 27 16 31 13 5 39 44 10
16 8 14
1 7 12
11 1 3
4 10 2
15 12 1
1 11 11
10 16 8
8 9
39 7 36 29 2 45 8 4
7 6 14
2 7 12
7 1 9
6 2 11
5 1 11
8 1 3
8 3 11
2 7 14
8 4 1
6 9
14 34 32 19 38 13
6 3 6
5 6 3
3 1 4
5 3 1
2 1 9
1 4 4
2 3 12
6 1 7
5 2 1
13 11
23 31 41 48 36 19 16 22 14 40 49 34 50
9 12 8
2 1 7
3 10 9
3 1 15
8 5 13
3 6 14
3 4 11
2 1 11
10 9 15
11 10 10
10 5 6
13 7
40 15 39 48 48 18 42 49 18 3 47 12 24
3 12 11
6 13 13
5 11 13
9 12 3
12 11 6
6 13 5
6 4 2
14 17
16 36 3 27 11 11 4 35 19 46 47 48 18 16
13 9 10
2 10 12
14 9 10
10 4 6
3 9 7
13 10 9
9 11 2
9 11 10
8 9 12
3 13 4
12 4 1
7 5 15
13 1 3
14 2 12
7 12 6
2 14 15
10 1 2
4 6
30 34 6 7
4 3 2
1 3 12
3 4 3
4 3 11
3 4 3
3 1 11
11 6
28 32 45 19 3 44 24 34 30 31 41
4 7 7
2 1 10
8 9 4
11 7 6
9 1 8
6 10 10
3 6
29 5 44
3 2 7
1 2 13
1 3 14
1 3 3
3 2 12
1 3 2
2 3
37 42
2 1 10
1 2 5
2 1 7
2 2
5 40
1 2 3
2 1 5
7 9
22 36 15 15 44 2 30
7 4 4
5 2 8
4 5 4
7 2 5
4 7 5
1 3 10
5 1 1
6 4 7
6 4 12
16 19
3 47 49 3 31 29 40 1 28 35 10 34 49 48 5 13
5 7 15
6 11 2
3 15 9
4 15 13
16 3 9
4 13 7
8 15 5
14 15 4
6 15 15
15 16 9
5 8 5
2 15 1
4 14 9
7 12 6
7 14 6
15 10 3
10 2 6
11 15 15
15 4 13
3 1
6 43 34
2 1 2
6 14
21 23 44 7 28 23
3 1 14
1 5 1
4 2 13
3 2 12
5 2 13
4 1 12
5 4 5
3 6 9
2 6 8
3 5 11
1 5 10
5 3 14
5 1 14
1 6 10
11 17
29 46 40 26 31 20 7 4 19 1 50
10 3 7
10 11 2
8 7 4
3 2 9
3 8 7
4 10 8
4 10 6
7 6 3
2 5 9
6 9 8
4 10 6
11 7 14
7 2 2
7 3 11
9 8 9
11 7 2
9 5 8
11 7
28 42 29 26 30 14 24 19 38 13 9
9 5 15
3 4 1
9 5 3
5 1 12
4 5 13
10 8 12
10 8 11
18 9
6 4 22 29 24 11 43 33 16 50 19 17 23 24 44 12 19 8
17 16 9
3 7 2
14 12 12
18 2 11
13 12 14
3 11 12
18 11 11
7 12 9
17 12 15
3 9
23 35 40
2 1 11
1 3 14
2 1 6
2 1 4
3 1 13
2 3 10
2 3 11
2 1 1
1 2 7
19 19
1 49 45 38 6 19 27 49 29 45 42 17 24 50 32 33 40 50 48
9 19 15
8 14 7
18 9 13
14 8 5
9 1 2
9 7 9
2 19 13
12 6 3
13 2 10
12 9 2
1 6 8
14 16 2
6 3 9
16 10 13
5 8 7
13 11 7
12 10 4
1 12 14
10 14 8
20 10
47 8 41 31 38 48 15 34 29 8 12 39 46 27 28 17 13 3 45 49
7 5 14
9 4 12
6 3 12
15 19 5
16 8 5
15 16 14
15 9 9
14 3 1
1 9 7
6 3 6
19 2
44 23 7 13 50 30 28 28 40 24 4 9 11 10 14 46 31 5 10
15 14 10
10 13 11
2 1
33 15
2 1 8
7 2
22 46 23 1 25 12 25
1 3 15
5 1 12
5 2
42 32 2 6 19
3 5 12
2 5 3
17 2
23 39 14 44 34 36 45 11 50 19 40 22 5 29 9 37 50
8 12 3
14 17 6
12 10
50 15 26 12 9 48 34 47 13 30 32 50
4 12 9
4 8 7
8 6 8
5 10 10
2 10 2
1 11 3
10 2 8
6 1 12
6 1 1
9 6 1
15 1
29 44 14 3 43 27 35 29 42 21 43 40 12 44 40
6 14 9
18 6
1 9 24 47 16 5 24 2 35 24 34 15 17 47 19 12 26 3
9 16 15
6 12 4
11 4 2
11 1 13
12 18 1
10 6 1
12 10
14 34 35 50 50 4 48 19 15 23 23 4
6 2 7
12 5 14
9 8 12
12 11 6
3 6 14
10 6 10
8 11 11
7 11 4
12 7 3
1 2 2
16 6
49 26 43 24 4 24 38 50 47 47 38 5 18 26 26 5
7 10 15
10 4 10
16 2 13
6 13 11
12 16 11
15 3 13
16 19
44 46 30 42 42 19 48 12 44 23 16 42 1 7 9 38
13 2 11
9 8 6
8 6 3
10 2 7
14 1 15
9 2 1
12 5 5
1 10 15
2 10 6
3 1 14
15 2 1
7 9 6
2 14 3
16 8 9
15 5 9
12 13 1
15 8 14
15 9 15
7 10 3
15 9
46 31 21 27 9 1 39 29 46 27 23 43 18 6 47
5 10 5
5 1 14
1 10 12
8 9 4
4 11 4
1 13 12
1 12 10
13 12 8
11 14 5
3 8
15 49 21
3 1 2
2 1 8
1 2 3
2 3 1
1 3 12
2 3 15
3 1 12
2 1 3
16 18
4 18 28 27 29 28 21 43 35 38 26 20 10 23 12 9
4 6 3
4 15 10
2 10 3
13 15 2
1 6 4
3 1 13
3 2 7
11 6 2
12 4 13
16 7 1
6 4 7
4 8 5
5 13 9
1 11 10
2 16 6
4 1 3
6 2 10
16 7 3
11 3
7 33 45 2 20 38 18 41 9 9 42
5 7 2
6 11 11
4 7 8
3 9
21 41 9
1 3 4
1 3 1
1 3 5
2 1 14
2 3 14
1 2 5
2 3 12
3 1 14
2 3 6
16 4
31 29 49 9 7 12 19 26 26 48 35 11 21 4 4 36
14 8 1
4 11 9
9 8 10
14 13 12
4 10
36 23 34 36
2 3 13
4 3 13
2 4 4
3 4 14
2 3 7
4 3 4
3 1 1
3 4 3
3 4 5
3 2 7
5 14
50 23 19 35 42
3 2 4
2 1 8
5 2 12
2 5 3
1 5 5
3 2 9
3 1 11
5 4 7
4 5 4
5 3 3
4 5 13
5 2 12
4 5 8
2 5 2
15 3
6 1 45 49 33 14 22 37 27 21 15 8 21 14 6
8 12 12
15 5 10
10 8 5
18 14
37 9 34 21 14 36 17 15 19 30 36 7 8 8 21 16 28 36
8 7 3
6 16 14
1 12 6
4 7 13
14 18 6
8 2 11
14 3 15
1 3 12
10 5 11
3 14 10
7 3 5
2 10 5
14 17 12
18 2 9
10 18
4 22 37 41 27 33 46 49 48 30
8 7 4
1 3 12
8 9 2
6 9 15
7 5 11
9 2 12
6 1 7
4 2 5
6 1 15
3 9 5
3 7 8
3 1 11
7 10 8
5 10 14
1 7 9
1 8 12
8 9 4
1 2 8
2 3
42 2
2 1 9
2 1 6
1 2 9
18 11
48 17 37 41 38 14 43 39 44 31 29 46 43 48 47 11 42 49
5 10 12
17 6 10
14 15 14
18 9 9
14 4 6
13 11 3
13 9 15
6 12 3
2 15 13
18 8 1
18 13 4
14 15
48 44 13 3 9 39 38 22 34 9 29 16 44 27
2 5 6
5 6 8
10 4 13
8 14 13
5 14 8
5 3 13
9 10 15
12 10 10
3 14 13
3 6 3
7 6 11
12 14 11
13 7 1
12 11 5
12 11 10
10 1
9 2 17 34 10 12 50 39 45 22
1 8 7
3 2
34 27 50
3 2 12
1 2 9
19 18
1 32 13 11 41 14 30 26 23 43 25 13 37 48 11 27 39 46 3
14 8 7
18 14 11
12 3 11
7 11 8
2 17 7
14 11 13
8 7 12
18 14 15
11 6 2
19 9 14
7 10 15
1 5 11
19 16 1
10 14 15
4 9 11
16 11 4
1 14 1
18 6 7
12 18
20 38 10 23 5 42 49 26 22 46 11 32
5 6 4
6 12 13
12 8 6
8 12 9
3 7 12
6 7 15
3 4 8
3 1 4
3 4 4
8 3 2
6 10 7
9 8 12
3 8 14
2 7 8
4 6 11
1 12 3
3 7 2
9 11 5
10 7
26 32 31 22 3 10 40 32 36 11
1 5 2
2 4 1
9 3 5
2 5 15
10 2 12
10 5 3
6 5 5
2 2
3 20
2 1 13
1 2 12
2 4
38 12
1 2 6
1 2 14
2 1 12
1 2 15
12 15
30 24 41 36 45 33 25 9 16 22 22 6
7 10 10
6 3 3
3 1 15
11 1 8
12 6 5
6 12 13
4 6 3
5 3 7
11 2 4
6 1 5
4 11 6
2 1 8
8 6 14
1 6 13
6 5 7
18 3
29 24 45 35 36 43 21 23 2 24 32 33 35 14 7 25 28 16
7 4 2
17 6 2
6 4 9
13 20
24 15 10 49 9 44 35 4 14 9 7 40 40
1 12 8
4 9 8
11 4 5
8 6 9
1 11 15
7 5 13
6 1 2
10 2 8
7 10 11
9 6 8
10 6 7
5 2 6
11 12 11
12 6 1
2 6 7
8 10 5
2 12 13
11 13 12
13 9 1
11 4 14
9 3
18 1 21 23 13 26 40 15 20
9 4 14
8 5 11
1 4 10
9 5
40 50 4 6 44 29 14 49 4
5 9 8
1 8 13
9 3 12
7 8 4
3 5 14
11 2
16 33 11 2 22 10 5 27 3 36 42
8 3 13
5 4 15
5 19
45 32 47 22 19
2 1 8
1 4 6
2 4 4
2 1 7
4 3 6
2 4 10
5 3 1
5 2 1
2 3 9
4 2 4
1 3 12
2 1 4
4 2 14
3 2 1
3 5 5
2 3 14
3 5 5
5 4 13
3 2 11
7 19
25 10 10 12 18 39 17
5 7 2
6 3 2
1 7 3
7 1 9
1 3 8
4 5 6
7 2 8
4 1 14
6 5 8
3 4 15
5 1 4
2 3 10
6 1 11
7 6 10
7 6 12
3 7 11
2 1 11
2 6 15
1 7 14
2 4
43 23
2 1 2
1 2 10
2 1 1
1 2 12
9 6
50 35 9 46 4 28 13 3 26
1 7 1
2 4 2
7 9 3
5 8 5
9 6 13
1 3 10
5 20
32 15 5 43 10
2 5 12
2 5 12
5 4 5
1 3 14
1 4 3
4 1 8
1 3 9
5 3 12
3 4 13
4 3 2
3 5 13
1 3 3
1 2 14
5 1 6
5 4 2
1 2 4
4 5 7
3 4 5
4 3 6
4 5 3
10 1
12 29 43 37 16 43 48 13 3 48
4 6 9
10 5
24 28 6 29 19 25 24 10 27 19
8 5 14
7 5 11
9 6 12
2 1 14
6 3 14
10 2
37 13 38 13 40 44 43 10 20 18
6 10 7
5 6 12
18 10
18 15 25 29 9 27 32 49 40 39 37 40 30 26 4 18 38 43
12 3 4
4 2 3
8 5 6
1 17 15
5 14 12
5 2 12
2 5 10
10 4 14
10 7 9
9 6 8
9 17
9 37 48 10 12 26 47 2 38
8 2 5
2 6 4
4 8 8
3 9 15
7 9 1
9 7 10
1 4 8
2 1 10
7 8 6
7 8 7
8 5 14
2 4 2
9 4 8
6 7 8
4 1 14
1 2 5
3 5 3
12 2
50 32 16 23 7 14 44 33 50 3 13 25
10 8 6
4 9 1
12 18
30 1 49 25 12 33 15 29 21 34 22 22
1 5 11
3 5 14
12 5 11
5 7 14
7 5 2
11 8 4
8 9 10
3 1 2
1 11 14
4 6 7
9 2 9
11 6 7
2 10 10
6 4 15
4 8 8
2 7 11
10 8 12
2 12 14
12 16
8 42 41 14 8 50 8 21 33 4 25 20
11 3 9
3 1 10
1 5 10
8 1 7
8 11 12
8 10 12
6 10 12
11 5 8
4 8 15
2 1 11
12 7 11
4 7 10
12 3 8
1 12 9
8 2 12
8 12 8
9 13
1 19 5 38 34 10 9 6 39
1 5 10
2 9 10
6 2 7
4 1 10
5 1 9
7 6 8
4 8 5
2 9 1
8 6 1
2 9 11
3 4 6
2 3 7
3 2 10
5 15
21 38 43 37 18
5 4 7
4 3 7
3 1 13
4 3 7
1 5 1
3 2 5
5 3 4
2 3 13
4 2 13
4 5 7
2 3 4
2 4 2
1 3 6
4 1 12
4 3 13
19 6
32 24 6 32 49 34 26 10 30 48 39 19 46 27 4 24 31 39 17
7 16 4
1 13 12
9 16 5
7 2 1
17 2 13
19 7 6
2 4
27 15
1 2 5
1 2 6
2 1 1
2 1 3
6 3
34 13 27 26 25 25
6 1 6
1 5 1
1 4 6
12 16
34 4 29 13 29 6 7 45 3 21 1 27
1 8 11
4 10 1
4 7 6
1 6 11
11 8 9
10 7 14
6 7 9
4 3 5
5 11 7
7 8 3
7 3 5
2 4 13
5 2 3
3 12 9
2 10 3
5 4 2
12 17
48 32 28 13 18 49 48 4 48 6 7 8
6 3 15
3 9 9
5 8 9
2 9 14
9 2 8
3 10 5
10 2 3
8 5 6
1 9 6
4 5 7
7 4 14
7 10 4
2 7 5
10 3 7
3 5 13
12 10 6
6 11 7
4 2
16 22 17 43
3 1 14
2 3 6
12 7
46 37 47 15 38 47 50 16 16 12 18 33
1 2 7
11 7 3
10 8 9
2 6 9
1 12 2
11 1 15
10 7 6
13 7
43 44 15 25 39 5 18 43 31 42 13 24 37
1 6 14
4 12 5
1 6 15
9 11 7
6 8 2
5 11 3
9 5 9
11 8
23 10 42 5 4 4 31 40 2 42 38
11 9 5
11 5 13
2 6 2
2 1 5
6 9 8
1 5 12
5 1 4
7 10 4
19 12
20 13 31 24 28 48 16 36 1 23 48 29 31 47 14 11 11 6 8
2 19 2
5 1 15
11 5 14
10 15 2
18 8 7
17 10 12
17 19 7
16 14 7
14 13 13
6 8 3
2 7 2
2 3 3
13 18
27 19 48 37 12 11 7 35 47 9 6 49 44
5 10 15
11 5 12
4 13 11
2 5 5
4 3 11
1 13 4
11 10 8
5 9 15
5 13 1
13 7 14
11 1 8
4 5 6
11 6 12
12 10 1
4 12 3
6 11 13
5 9 12
9 6 11
19 17
12 9 34 45 31 10 5 33 14 45 49 18 38 20 40 7 27 23 31
15 1 2
4 6 13
18 8 9
14 6 5
17 10 8
5 15 12
3 2 10
2 13 11
18 19 12
12 8 1
4 8 9
7 13 13
3 2 13
16 4 9
4 14 15
18 9 6
16 3 4
19 2
13 43 46 41 10 42 1 32 40 39 17 40 49 49 7 27 7 20 13
6 18 2
14 10 7
5 10
1 34 32 24 46
1 4 9
4 5 14
4 3 4
3 2 15
1 3 8
3 5 9
1 4 2
2 3 12
3 5 3
1 2 15
6 8
28 19 45 30 47 29
2 6 10
6 5 2
3 6 2
3 5 5
6 2 1
6 3 10
4 3 12
3 5 14
18 1
29 11 20 9 36 45 25 9 28 31 2 29 34 4 37 9 13 12
14 8 3
20 14
46 45 31 50 47 16 31 18 44 43 37 4 29 33 28 39 11 10 40 41
7 4 4
10 16 2
7 6 15
14 11 11
15 3 5
5 9 2
9 4 10
17 8 2
15 7 12
4 7 7
15 10 15
13 11 2
15 17 10
20 2 12
14 4
47 32 7 31 1 26 18 49 30 34 36 43 12 12
11 13 13
9 6 12
6 13 6
10 1 7
4 7
43 36 11 40
1 2 10
1 2 9
4 2 14
4 1 6
4 2 10
2 4 9
2 3 10
4 14
37 47 42 23
2 1 10
3 2 4
4 1 7
2 1 13
3 2 11
3 1 8
2 1 2
2 3 12
1 3 4
1 4 6
3 2 9
4 3 3
4 3 4
1 3 15
9 17
45 20 42 15 27 3 45 47 3
5 8 7
4 8 3
6 2 11
3 1 15
1 7 5
6 1 12
4 3 11
3 1 14
9 2 4
5 7 10
1 6 2
1 7 13
9 1 5
2 8 11
1 5 15
6 3 3
1 6 5
19 14
13 40 37 4 45 41 6 24 38 6 38 28 38 45 10 4 11 35 34
8 5 8
19 9 4
7 5 8
5 15 4
4 8 10
11 1 2
7 1 15
2 4 2
16 12 8
18 3 7
3 13 12
9 1 7
10 16 1
6 2 2
6 6
35 40 28 8 46 6
6 4 10
2 1 3
3 4 13
3 4 6
4 6 2
5 6 13
4 4
47 16 6 31
1 3 10
4 3 5
2 4 8
1 3 3
9 3
12 21 35 37 13 6 15 30 49
8 1 15
9 3 10
6 4 9
2 4
18 6
1 2 2
2 1 8
1 2 4
2 1 10
20 13
10 17 44 37 32 48 18 30 13 34 17 30 40 50 45 26 16 19 7 36
1 3 10
10 7 15
3 15 9
7 12 4
10 19 12
9 10 1
3 12 12
17 4 3
14 9 13
2 15 5
11 8 13
20 17 12
5 11 11
2 2
26 9
2 1 10
1 2 12
16 14
27 18 11 24 41 43 41 31 30 27 12 44 37 16 29 26
16 14 10
3 10 4
2 1 10
4 3 8
7 16 5
16 7 15
8 13 2
4 12 1
12 14 1
9 2 1
2 8 3
5 1 13
6 2 7
10 4 7
6 12
28 10 11 35 48 30
1 5 13
6 4 15
1 4 12
4 2 1
3 5 14
2 6 12
3 2 12
2 5 10
5 4 15
2 4 4
4 1 13
1 2 12
15 16
45 32 19 45 46 39 4 8 40 10 33 23 43 21 20
9 7 14
14 13 9
14 1 1
3 5 5
6 11 14
5 13 12
4 7 3
9 15 12
10 2 1
6 14 10
6 12 8
4 9 2
13 9 3
1 14 8
13 4 12
4 15 8
17 1
36 22 27 23 17 7 1 34 6 38 35 34 8 20 47 12 9
4 13 6
19 1
16 38 31 7 43 36 21 3 6 9 25 34 31 41 40 33 27 46 22
7 15 5
16 17
41 40 43 23 38 33 24 3 20 4 11 14 41 34 17 47
11 6 2
9 12 12
15 10 9
13 4 1
15 9 4
4 11 11
7 15 13
3 16 13
12 11 8
1 6 9
6 8 11
1 13 11
10 2 8
13 12 4
5 10 13
15 16 1
14 15 4
13 17
30 41 20 27 29 15 9 34 6 34 32 28 34
7 8 5
1 8 1
9 8 3
10 9 11
12 8 14
6 3 8
11 9 7
2 6 15
7 11 1
2 6 9
8 2 5
9 11 6
5 6 8
2 1 4
10 9 7
5 1 13
2 9 4
17 18
30 36 32 27 5 5 6 37 50 25 26 35 20 36 24 39 38
2 5 8
14 8 14
5 6 9
14 8 8
3 10 11
16 11 15
1 7 1
9 2 7
10 7 2
3 8 2
4 3 9
8 10 15
13 6 7
3 4 15
4 6 8
5 14 15
11 9 8
12 16 13
15 1
31 4 19 43 22 10 40 48 47 21 7 3 3 48 30
13 4 10
11 19
36 30 9 48 4 24 20 13 23 20 46
5 6 13
6 11 9
8 3 12
9 5 4
11 5 7
5 4 9
4 6 4
4 3 7
11 2 13
1 11 13
4 3 2
9 11 11
7 3 9
1 9 10
2 9 6
10 11 5
11 3 12
11 6 5
6 5 2
6 15
31 4 11 7 25 38
2 6 14
5 6 10
2 5 11
2 5 7
1 3 3
2 6 4
1 5 9
2 4 9
1 6 1
4 1 12
5 2 4
2 1 11
3 2 3
3 1 8
1 6 15
6 7
21 31 19 6 16 20
6 2 12
4 3 11
6 1 15
2 6 9
2 6 6
6 1 9
6 1 8
14 16
16 33 11 31 5 4 44 34 12 44 39 28 41 35
3 1 4
3 2 7
2 14 12
14 2 12
7 6 5
7 10 15
7 6 1
7 9 1
12 5 5
10 14 14
12 14 9
13 2 15
12 13 3
11 14 15
2 3 12
8 12 3
19 20
18 48 14 34 28 12 40 35 49 28 16 15 29 45 25 38 33 34 26
11 8 7
6 8 2
8 1 15
3 10 9
12 5 15
15 10 11
10 12 11
12 9 7
14 7 13
15 13 7
19 3 4
5 8 12
2 11 13
11 1 5
19 15 4
12 2 14
18 13 2
10 19 15
2 3 13
13 15 4
15 11
19 50 11 22 25 22 12 19 32 18 44 9 39 12 40
8 3 13
1 15 15
5 15 13
8 12 13
11 7 4
10 12 11
7 14 8
15 12 11
13 14 11
7 14 10
14 2 15
16 1
19 17 45 10 42 22 28 24 35 40 19 17 1 25 20 37
10 12 9
4 7
36 44 4 46
3 4 9
1 4 8
1 3 11
2 4 6
2 1 15
2 3 4
3 2 4
20 9
34 18 45 31 39 48 45 40 24 30 9 42 26 19 35 1 4 10 15 8
19 14 13
4 16 8
10 18 11
11 19 2
15 16 12
14 17 12
17 18 13
18 6 10
14 4 5
10 14
4 27 29 34 14 44 20 39 13 49
2 9 1
7 5 15
5 4 6
2 7 12
7 1 2
1 10 14
6 5 15
1 3 5
10 9 3
9 1 4
1 2 5
8 1 3
8 5 4
4 7 9
4 14
5 35 32 35
2 1 5
4 3 14
1 4 15
3 4 6
1 4 3
3 2 5
4 3 2
1 2 5
2 1 9
1 2 4
3 4 3
3 4 5
4 1 10
2 3 12
6 1
4 43 37 38 32 49
1 6 15
9 14
2 24 27 31 32 40 29 33 14
2 3 9
9 7 10
9 1 6
6 9 6
4 9 14
6 9 14
8 3 7
3 8 10
1 5 4
9 6 13
3 9 9
7 9 6
8 7 2
5 7 6
19 5
31 26 16 33 29 33 42 21 13 4 37 21 46 37 20 17 21 33 15
18 5 4
9 11 12
9 3 14
7 4 8
9 3 10
3 3
38 40 13
1 2 10
2 3 10
2 1 7
10 16
26 46 40 11 13 43 20 6 23 36
8 5 5
4 2 4
6 2 9
4 2 3
8 10 4
5 6 10
1 6 3
8 2 1
9 4 1
6 9 15
10 8 12
5 1 8
10 2 8
5 6 2
3 5 6
9 1 7
19 1
14 39 5 13 26 10 33 16 40 38 13 7 19 31 8 44 20 31 5
11 19 15
16 11
34 2 43 4 29 10 45 42 1 1 7 26 10 39 42 50
12 7 8
8 11 5
9 2 8
8 3 3
8 16 10
4 1 12
4 16 2
7 4 14
5 4 4
14 10 2
4 5 7
12 14
27 43 14 33 42 10 30 4 35 14 19 43
11 9 11
7 8 9
9 2 3
1 3 7
9 4 7
1 7 15
11 4 4
2 3 15
11 8 13
10 4 15
1 12 11
5 11 2
7 1 8
2 5 7
19 16
20 27 45 37 10 48 36 36 11 16 14 9 10 13 48 3 37 45 10
16 11 11
5 7 9
14 5 10
12 11 7
11 17 8
18 14 5
15 12 11
7 16 1
9 3 11
16 1 2
9 11 12
13 14 5
7 18 6
19 6 4
7 3 11
5 13 1
6 12
18 29 3 23 6 9
6 1 9
5 6 1
1 6 14
6 4 2
5 2 15
5 2 15
1 3 15
5 2 7
4 2 8
1 2 6
5 2 6
3 2 6
8 4
31 48 11 19 39 46 24 40
3 8 8
6 2 10
5 2 15
2 5 7
4 1
20 30 13 25
1 3 8
10 16
10 36 39 29 25 34 4 16 11 28
7 6 3
8 5 10
9 1 14
5 2 3
9 3 5
2 9 4
8 7 10
6 5 6
9 10 13
6 1 13
9 7 7
10 6 7
8 6 6
5 8 15
5 2 4
6 1 7
3 9
30 35 9
2 1 1
2 3 15
3 2 9
2 3 3
2 3 9
2 1 7
1 2 6
3 1 6
3 2 6
12 8
38 37 24 28 11 47 24 15 9 7 28 12
5 3 10
2 8 14
5 4 1
10 4 14
2 4 3
11 9 2
5 8 8
12 10 13
2 1
39 46
2 1 13
15 14
37 5 46 2 44 28 42 9 8 40 32 43 45 3 45
5 6 7
11 13 2
14 2 9
1 6 15
13 8 5
9 12 2
14 15 6
7 12 8
4 13 12
1 9 9
5 14 7
8 3 8
6 5 9
13 2 8
9 11
24 20 44 10 43 38 38 44 26
9 5 6
4 8 14
7 9 5
7 8 7
7 3 3
9 3 11
2 4 5
8 6 1
7 5 6
8 9 1
3 4 10
5 9
36 9 37 42 33
2 4 12
4 1 6
2 4 3
1 3 2
2 5 6
3 5 11
1 5 10
4 5 5
1 2 11
12 11
2 23 16 27 48 37 32 46 14 9 8 5
8 1 6
9 10 10
8 5 5
10 8 10
5 3 7
1 10 15
9 11 12
4 9 3
10 2 4
1 12 3
12 5 15
20 9
47 9 14 6 28 47 11 25 49 19 38 19 13 12 39 29 6 40 44 33
17 9 6
18 9 15
9 5 7
9 6 8
18 4 14
10 20 13
18 19 2
10 7 6
10 17 6
9 14
40 5 2 18 15 31 42 49 40
8 9 13
7 2 7
8 1 1
6 5 6
8 4 4
2 5 13
2 3 10
2 4 1
5 2 10
5 9 8
3 6 14
4 7 8
2 4 7
7 3 10
10 6
16 34 7 8 33 48 6 17 34 46
4 8 13
4 2 12
3 5 12
1 5 13
3 4 6
9 7 1
7 6
36 36 32 45 18 30 1
1 3 6
6 1 4
3 6 1
1 6 10
3 4 3
1 6 1
5 12
16 10 7 4 48
3 4 7
1 5 9
1 3 4
1 3 11
3 1 13
4 5 7
3 1 13
5 4 9
5 1 11
5 4 3
4 3 15
3 1 6
12 20
33 12 10 3 4 34 2 13 15 49 13 17
4 1 15
12 6 10
12 11 10
2 1 7
8 2 9
11 8 10
8 12 15
5 7 15
9 4 4
5 2 7
12 2 7
8 12 1
6 11 8
10 4 3
9 5 11
12 5 6
7 4 12
12 10 11
12 2 7
9 7 13
2 4
31 42
2 1 11
1 2 13
2 1 1
2 1 9
19 14
42 19 45 48 5 11 50 40 13 19 22 6 48 44 6 40 25 43 38
11 9 3
17 1 10
4 8 4
18 9 9
17 7 10
19 16 6
9 10 5
2 11 8
5 18 5
7 13 13
15 18 3
12 18 15
19 18 9
6 12 4
9 19
47 12 42 29 32 36 50 19 48
8 1 13
6 5 14
3 8 12
3 6 4
3 8 12
8 1 8
7 3 4
2 6 10
3 8 6
1 2 12
5 9 5
9 4 15
9 4 8
4 7 2
6 7 8
8 4 8
3 6 11
4 2 12
1 8 3
17 13
26 46 40 24 37 18 31 26 1 37 16 44 45 19 21 7 33
4 2 10
11 4 12
8 16 15
16 7 2
3 1 14
5 4 14
4 10 9
7 14 11
3 12 14
14 4 1
8 13 2
2 17 5
17 6 4
7 13
50 11 8 14 33 21 2
1 6 13
2 1 15
4 1 2
1 5 1
2 5 14
6 7 13
7 3 13
4 6 7
5 6 9
1 6 4
4 3 8
4 3 10
4 1 8
11 20
23 41 13 37 46 27 13 5 6 45 47
2 11 8
1 2 8
4 1 9
11 10 11
4 1 14
8 5 15
11 10 7
3 8 13
5 3 9
4 3 11
11 4 9
3 2 13
3 11 6
10 1 9
8 11 13
1 6 3
8 9 11
4 1 3
4 11 7
6 4 11
20 14
40 31 49 43 48 49 7 40 9 45 43 10 47 27 15 26 42 37 50 29
11 12 1
17 2 14
6 12 10
19 14 1
18 14 3
18 13 11
7 13 5
8 17 3
4 6 3
10 19 3
14 17 3
7 19 14
11 8 6
4 14 10
15 18
44 8 50 13 5 34 41 46 13 28 33 18 34 46 18
4 5 5
2 14 12
6 4 2
4 10 7
9 11 9
8 6 6
9 13 1
14 4 8
14 8 12
1 3 9
5 8 12
10 12 6
13 15 3
14 8 7
1 15 7
13 8 7
11 5 15
13 6 5
12 10
33 36 45 27 2 2 20 1 14 20 25 46
4 11 8
6 5 1
6 12 12
6 11 2
12 5 15
10 7 1
4 3 9
5 6 11
12 4 5
12 9 13
13 19
16 19 26 33 24 11 39 6 43 3 18 46 49
7 9 9
13 12 10
9 7 10
10 5 12
11 12 12
12 7 1
6 4 13
5 10 11
6 12 8
1 10 15
11 8 7
10 12 15
5 13 14
11 9 12
2 9 5
13 4 5
7 8 10
12 4 5
6 2 4
10 8
13 40 40 22 6 34 28 17 27 1
1 8 9
7 6 14
2 6 11
6 7 15
1 6 5
6 7 14
5 2 7
4 7 3
13 2
46 7 20 24 9 17 4 24 5 32 40 20 3
7 8 6
4 10 1
17 10
46 6 22 2 29 30 48 43 9 49 38 17 18 13 27 36 16
3 15 4
6 17 12
7 16 9
8 12 9
2 12 6
12 3 5
5 17 2
8 17 10
14 3 14
11 5 4
11 5
26 3 27 36 6 39 12 49 5 13 34
8 11 7
7 9 1
10 7 11
8 11 15
9 11 6
2 2
17 1
2 1 5
2 1 15
6 12
33 9 34 28 25 7
1 4 3
4 3 13
4 5 4
6 1 1
4 1 8
1 4 5
3 4 14
1 2 8
4 5 15
2 1 3
4 2 13
4 5 14
19 8
7 30 39 31 11 18 6 15 16 10 28 40 33 11 40 29 28 2 10
5 14 6
4 14 3
15 4 5
13 1 9
9 19 14
8 1 11
2 19 9
17 9 4
11 17
34 49 20 44 23 7 39 14 10 43 29
10 9 14
2 3 2
6 11 13
7 3 2
8 11 3
7 9 13
8 2 8
9 10 6
3 9 1
9 6 14
4 11 7
6 8 9
3 11 10
11 6 7
5 3 1
1 9 13
8 10 6
8 16
33 20 22 6 43 7 21 47
6 4 2
1 2 10
8 7 7
6 7 14
3 6 12
3 1 9
2 1 3
3 8 13
1 2 13
4 5 12
5 1 4
5 2 5
4 1 11
2 1 5
7 3 4
7 8 12
13 19
20 33 25 14 5 44 16 50 12 43 8 26 29
5 11 9
7 8 2
13 6 1
1 9 5
4 11 14
5 11 15
7 3 9
10 6 1
9 6 12
12 10 2
7 1 3
10 7 7
11 6 7
3 9 3
3 12 9
9 5 10
1 12 10
13 4 11
5 11 10
14 4
43 29 38 1 16 44 10 44 48 2 32 1 23 49
14 13 10
14 12 4
13 5 13
1 14 15
6 12
5 22 45 49 2 32
3 5 6
1 6 12
5 4 14
5 4 1
6 4 9
1 5 15
6 4 5
4 3 11
5 3 15
3 1 14
5 3 4
5 1 5
5 8
9 25 13 11 26
1 5 11
2 1 10
4 5 14
1 4 13
1 5 3
1 3 12
1 3 14
4 2 1
16 4
5 29 1 11 37 16 42 18 25 31 23 50 41 43 30 26
7 8 6
14 8 8
16 11 11
1 10 9
12 15
39 15 4 39 25 40 4 16 9 30 49 34
9 5 1
12 4 13
12 3 12
6 12 6
7 11 14
4 11 13
1 2 7
7 3 14
5 12 4
8 12 9
1 5 3
4 9 3
10 7 1
1 9 6
4 10 13
3 8
8 15 49
1 2 12
2 3 7
3 1 1
1 2 10
3 1 4
1 3 4
1 2 12
1 2 3
18 15
33 24 39 29 22 1 47 13 46 15 48 11 12 19 21 5 38 49
9 8 8
5 15 5
6 5 10
3 18 15
13 14 14
16 12 4
16 15 6
14 18 4
8 17 14
8 10 4
13 16 15
3 18 11
9 4 7
7 6 15
1 17 13
3 6
3 1 23
1 2 11
3 1 1
1 2 4
2 3 10
1 3 12
2 3 11
13 1
20 29 7 44 13 49 48 15 23 25 47 25 41
1 8 3
8 9
39 43 31 36 32 10 26 1
2 5 6
2 7 7
6 3 5
7 8 9
1 8 5
7 5 10
1 7 13
5 6 8
3 4 13
19 10
20 32 42 47 7 12 6 3 13 22 44 28 36 32 7 24 46 33 39
15 7 12
10 1 12
12 4 7
7 13 6
10 3 5
8 4 1
5 9 15
3 16 7
12 14 14
2 3 3
18 17
20 46 7 12 22 35 1 30 7 22 25 48 23 14 38 33 17 36
9 12 4
17 3 13
7 10 4
8 7 9
13 6 5
14 9 9
3 18 10
15 9 5
9 17 14
9 15 4
17 9 8
13 9 12
1 18 15
8 4 2
11 18 6
2 17 1
17 11 7
6 9
2 10 17 46 3 38
6 2 14
6 4 12
4 3 15
3 1 8
5 6 13
4 2 5
6 5 11
4 2 9
5 3 15
5 8
12 34 13 12 1
1 4 6
5 3 1
2 3 5
3 1 15
1 5 2
5 2 11
2 5 6
5 4 1
13 7
29 1 7 39 8 44 41 14 41 19 3 26 15
7 12 9
6 5 3
4 12 5
6 11 6
8 4 7
11 3 15
8 1 11
4 15
24 41 6 14
4 3 2
4 1 4
3 4 6
4 2 3
2 3 4
4 1 6
1 2 15
3 1 10
3 4 5
2 1 14
3 1 8
3 1 11
1 4 1
3 1 2
1 3 8
17 6
38 15 27 22 12 14 38 6 45 28 43 31 34 36 25 32 3
5 2 6
6 14 10
2 5 1
11 16 2
14 1 9
3 7 15
5 20
17 14 47 9 44
1 2 11
1 4 10
1 3 1
3 4 2
4 2 13
5 4 3
5 4 4
3 1 5
1 3 2
4 2 7
3 2 4
5 4 8
3 1 6
3 5 8
1 5 2
4 3 10
2 5 12
1 3 14
4 1 9
5 4 1
2 1
14 9
2 1 10
5 20
17 32 28 21 24
5 1 8
3 4 3
3 1 8
3 1 3
4 2 3
5 2 15
5 2 9
4 2 15
5 1 11
2 5 1
3 1 1
5 4 3
4 2 10
4 5 14
5 4 2
1 3 1
3 5 7
3 2 3
5 3 5
5 3 2
14 1
43 43 27 14 9 28 38 24 6 41 8 28 35 38
5 9 13
5 5
7 25 19 36 17
3 5 11
2 4 1
3 1 7
5 2 14
3 5 5
13 17
26 30 15 23 44 26 39 2 2 9 38 18 28
8 5 6
12 5 2
4 11 11
10 12 3
12 8 5
5 4 3
7 11 2
6 8 14
11 10 15
11 2 12
2 9 3
8 11 5
7 10 5
8 11 7
2 1 9
7 6 10
4 5 15
19 10
23 23 33 22 12 5 10 21 3 19 48 34 2 3 14 10 39 36 1
1 13 8
11 7 11
4 18 14
18 6 5
14 9 12
9 15 8
2 16 1
14 13 1
19 4 11
4 3 11
3 5
35 31 30
3 1 12
2 3 1
2 3 4
1 3 4
3 2 11
10 15
42 26 50 7 32 9 44 12 40 22
7 5 13
9 2 13
2 1 9
7 9 12
6 9 15
6 5 10
1 6 8
2 1 2
2 4 5
1 8 3
7 4 11
8 2 11
8 1 14
6 9 10
3 9 1
7 19
31 49 41 25 11 12 26
7 6 7
5 2 10
6 1 12
2 6 8
1 3 12
2 6 2
1 5 4
6 5 9
6 3 14
2 5 10
7 5 14
6 7 13
2 7 8
5 6 1
4 1 3
6 4 1
1 3 12
6 4 3
3 1 6
14 13
5 9 10 27 2 20 26 44 32 46 47 42 10 5
11 14 13
13 5 11
6 10 5
11 9 3
13 7 9
3 2 5
3 12 9
4 3 9
4 13 11
13 11 5
13 3 14
1 14 2
10 11 9
8 12
26 12 8 29 27 10 33 47
7 3 12
7 6 5
4 8 15
4 2 12
1 8 5
3 4 5
5 8 3
5 3 8
7 1 9
7 2 9
3 8 9
8 6 2
11 12
29 33 23 38 28 26 14 50 25 45 1
8 4 3
10 1 7
11 6 5
2 9 9
10 4 3
11 9 8
8 5 15
10 8 14
9 2 3
9 11 10
6 3 13
4 1 14
12 3
11 50 23 36 3 21 1 16 30 48 45 41
9 2 8
3 4 15
11 2 9
9 12
33 27 24 30 16 44 45 26 45
7 4 10
5 9 8
2 1 15
8 9 7
4 6 13
3 4 6
4 6 3
6 8 15
9 7 14
3 6 12
2 3 7
7 5 4
6 16
13 9 40 46 19 10
3 1 15
5 2 6
1 4 13
3 6 4
5 2 15
6 4 12
1 6 10
4 2 15
4 5 3
1 4 14
5 1 1
3 6 11
1 4 15
3 1 4
6 1 10
3 2 7
18 9
8 35 26 18 49 37 37 6 45 25 22 5 27 37 31 7 4 16
5 14 4
12 10 4
15 13 9
4 9 14
12 5 8
11 8 13
15 8 3
10 8 6
4 11 7
2 1
42 20
1 2 4
4 1
34 44 22 12
4 3 1
10 4
4 22 6 26 35 35 43 22 35 15
3 7 4
4 7 3
8 4 13
6 5 11
5 11
22 43 34 33 13
4 1 10
4 3 14
1 2 7
3 1 3
1 3 2
1 3 12
3 2 3
3 5 7
1 5 10
4 3 6
2 5 7
13 17
35 5 25 48 47 27 45 11 47 1 40 7 45
3 13 12
1 8 4
3 9 5
6 5 15
9 12 12
12 5 15
12 13 14
11 7 10
13 12 14
9 7 12
10 4 3
4 1 2
1 9 4
7 5 12
5 3 12
11 6 9
12 13 13
9 6
37 33 30 22 46 46 48 18 6
2 6 7
1 7 14
1 3 1
1 9 11
4 2 1
6 1 14
9 13
35 46 22 17 27 43 15 22 42
5 3 1
3 4 1
1 4 10
9 5 3
7 3 2
3 6 5
4 9 6
5 3 3
7 8 12
9 6 13
2 8 5
5 2 5
3 4 6
5 20
14 35 25 17 21
3 5 7
2 3 13
4 5 1
3 1 13
2 5 2
3 1 13
1 2 4
2 4 4
1 5 5
2 5 1
1 4 6
3 2 10
4 1 11
5 3 4
1 4 2
2 3 9
2 3 5
2 1 7
3 2 15
1 3 5
2 1
19 46
1 2 8
15 14
43 16 12 45 23 22 38 39 41 33 2 48 2 28 42
12 14 9
1 9 9
7 4 15
14 13 6
6 8 9
15 13 11
9 10 2
9 7 4
15 6 9
5 12 12
1 3 12
9 3 5
15 6 11
5 11 2
19 1
32 42 35 13 29 26 18 37 2 12 35 15 8 35 28 32 28 30 3
12 10 6
12 10
47 13 20 36 31 39 28 15 32 15 27 10
11 4 6
10 6 3
5 10 14
11 5 7
11 1 10
8 5 5
2 5 14
4 1 9
4 11 10
11 2 4
10 1
14 1 3 23 15 21 8 11 17 26
9 1 6
10 20
15 11 36 8 47 43 40 12 13 3
2 1 12
5 1 2
7 5 9
4 7 7
8 6 1
8 9 6
10 1 8
5 4 2
9 2 3
4 3 15
4 5 5
10 2 14
1 8 8
4 3 13
3 9 6
1 7 3
10 7 2
6 2 4
5 3 6
8 5 13
14 14
33 26 45 2 34 15 24 43 9 17 8 37 2 3
12 5 10
7 2 4
12 7 14
2 14 4
7 2 8
1 11 15
5 4 4
2 11 8
9 8 10
12 8 2
9 11 3
13 12 13
8 2 11
10 1 15
14 6
9 1 24 26 30 19 44 44 31 39 3 50 1 17
8 14 5
14 10 15
10 5 12
10 4 14
4 11 7
14 10 12
4 15
48 42 22 43
1 4 11
1 2 14
4 3 5
3 4 2
4 3 12
1 2 2
2 4 8
3 2 2
4 2 13
1 2 8
3 4 8
2 4 10
2 3 10
4 3 1
4 1 4
12 9
9 49 36 2 48 47 40 19 18 23 13 4
3 6 12
2 12 10
8 10 14
1 7 4
4 2 12
1 5 14
11 9 9
7 1 11
4 1 15
17 1
14 46 22 49 12 41 14 24 36 14 37 2 38 21 2 47 12
9 8 7
8 6
30 11 42 11 33 19 12 25
1 3 12
3 4 6
3 5 9
3 2 12
7 5 6
4 1 1
3 2
18 11 10
3 1 1
3 1 13
9 7
30 26 29 40 45 32 38 18 24
9 8 11
3 9 11
2 5 14
5 7 9
2 5 13
9 1 11
4 2 12
3 1
49 12 5
3 1 8
18 20
49 8 35 39 21 10 7 34 5 36 8 11 38 28 43 22 18 25
15 7 3
6 8 1
17 15 11
15 5 5
9 12 14
11 8 5
15 9 10
8 10 12
6 14 11
13 14 15
17 15 14
6 18 9
2 8 8
4 16 14
13 6 13
18 13 12
8 9 2
15 6 10
10 6 15
4 1 13
17 8
34 10 25 13 10 30 4 32 27 1 20 30 25 24 49 12 30
11 6 7
7 5 8
12 4 7
5 1 11
6 10 9
8 4 1
8 15 4
11 4 11
6 7
47 5 17 8 35 18
1 2 15
5 1 3
6 2 1
4 3 15
1 4 14
4 5 4
2 1 15
17 8
41 43 36 48 11 43 34 28 18 16 19 49 12 32 8 19 22
1 10 12
7 12 2
13 4 12
9 4 11
9 4 4
12 2 6
5 15 5
5 10 14
9 4
25 38 24 48 40 21 19 40 50
9 8 3
3 7 1
1 6 5
1 9 15
8 6
36 21 8 29 2 13 5 39
7 4 15
3 8 7
5 7 7
3 6 7
2 8 1
2 4 5
18 14
31 35 1 17 5 8 45 8 22 2 47 9 4 28 16 26 49 24
16 10 9
14 9 10
16 4 7
5 16 13
10 9 12
8 12 4
8 7 1
9 15 14
2 13 12
16 3 7
5 8 9
11 15 1
13 6 8
10 11 13
13 12
15 18 3 8 43 32 49 23 34 40 2 44 35
7 1 1
8 10 1
6 8 8
6 13 14
11 5 12
9 5 4
10 9 8
4 10 9
1 2 4
1 6 15
1 10 6
13 11 9
13 20
37 32 41 50 31 17 30 44 29 11 39 8 11
1 2 7
4 3 3
4 8 2
11 7 15
8 6 2
11 1 3
7 11 10
3 12 6
4 6 4
4 11 10
4 13 9
9 2 11
2 12 12
8 7 2
2 12 1
4 5 2
1 11 11
1 6 5
9 11 15
6 4 2
10 3
38 31 45 31 6 42 10 24 4 4
2 5 1
1 6 6
4 2 15
13 4
40 19 44 17 18 5 9 36 42 13 25 22 9
12 5 15
5 10 5
1 11 6
8 13 11
14 6
50 41 50 25 32 18 19 49 35 25 9 22 16 23
1 10 7
1 9 6
6 10 11
5 7 1
8 3 4
11 1 3
14 8
12 7 25 32 7 11 6 17 34 23 39 30 11 22
13 4 3
4 11 5
7 3 12
14 6 15
8 6 9
14 3 13
14 11 4
11 7 7
5 18
34 33 29 47 5
1 2 4
3 1 15
1 5 3
3 2 14
3 4 4
5 4 10
1 3 11
4 2 10
2 4 5
3 5 1
3 1 10
4 3 13
2 5 7
5 3 9
4 1 7
1 3 9
4 1 3
2 1 2
7 17
29 1 34 5 3 3 31
2 7 4
5 7 6
6 5 4
3 1 2
1 3 3
7 1 12
5 4 13
6 1 7
3 6 3
4 2 12
5 6 12
6 1 12
6 4 1
3 6 15
6 4 13
7 1 7
1 6 1
5 5
38 38 22 43 29
5 4 10
1 3 6
3 1 2
5 4 10
1 5 9
6 13
41 1 22 28 38 6
6 5 5
1 4 9
3 5 12
4 6 1
1 3 6
6 1 14
4 6 4
3 5 8
6 4 10
1 5 8
3 6 8
6 2 15
4 5 12
18 17
19 49 42 33 24 34 40 43 45 2 38 42 8 27 43 5 16 15
1 15 8
15 5 7
9 17 14
18 6 13
12 16 4
3 18 2
1 5 3
16 8 6
12 2 7
3 14 8
17 14 13
12 9 12
11 17 6
10 2 3
1 15 13
3 14 6
2 17 8
19 7
26 49 3 25 43 34 39 15 11 47 9 47 10 16 30 36 26 43 45
17 16 14
2 10 7
8 7 6
15 3 11
16 19 11
18 11 1
12 1 5
16 3
39 37 4 25 12 47 21 43 8 10 9 20 49 32 15 37
15 4 11
7 10 7
6 12 10
7 12
31 39 3 4 28 39 7
4 7 14
3 7 10
4 1 13
4 5 4
2 3 7
2 7 7
3 2 8
6 2 13
1 2 1
5 6 11
5 7 14
3 4 9
8 9
23 22 25 40 3 22 32 27
4 6 8
2 7 7
3 1 4
1 6 4
2 8 8
8 4 6
4 8 8
8 4 6
5 4 11
7 11
28 24 36 12 8 47 23
6 7 1
1 2 5
5 6 9
4 3 14
5 7 9
6 1 8
4 6 10
5 1 12
7 4 5
7 1 7
4 5 12
13 14
4 19 2 39 22 49 39 7 23 22 4 48 16
8 3 5
13 3 8
6 5 12
4 12 6
3 4 9
6 10 14
12 2 12
3 12 15
7 9 3
13 7 5
7 9 8
2 10 1
6 2 11
11 2 8
11 4
42 7 28 45 10 33 39 34 38 20 16
1 8 2
10 5 13
11 5 2
11 3 6
5 16
13 22 49 38 45
1 5 2
5 1 1
5 4 15
3 4 5
1 3 1
5 4 14
5 3 13
4 3 5
4 2 7
3 1 10
4 5 12
2 1 9
1 5 1
1 5 1
1 5 4
3 4 8
3 1
12 47 11
1 2 4
5 4
23 45 35 9 28
1 5 14
5 3 14
4 5 7
5 3 4
8 4
46 2 39 10 13 35 22 33
4 6 8
6 5 14
6 1 1
2 7 9
14 2
31 16 48 43 25 14 17 40 9 18 28 21 32 14
8 2 14
6 7 14
14 8
34 44 44 18 29 25 33 30 48 13 47 48 5 24
7 3 3
4 5 3
6 1 1
11 3 7
1 7 12
8 7 7
11 3 1
3 11 4
16 11
36 39 38 43 12 50 15 24 18 7 18 7 30 26 39 16
15 4 7
14 6 6
2 16 14
10 6 9
9 5 1
16 1 2
15 2 6
6 12 2
2 1 6
2 8 9
1 11 7
9 6
44 24 43 8 27 48 18 6 46
7 3 11
2 3 13
8 9 9
4 2 15
1 7 1
4 9 13
14 16
50 47 9 42 6 37 41 23 42 37 42 11 19 50
8 6 9
2 3 10
3 12 8
13 6 15
12 1 13
11 2 14
9 12 10
11 7 14
9 8 6
13 3 12
3 6 15
5 9 8
14 2 5
5 7 2
4 14 11
5 12 13
10 15
23 38 7 3 17 2 20 39 8 6
2 10 13
10 9 11
8 3 3
10 7 11
1 6 12
6 1 10
9 5 11
7 9 12
9 5 8
6 5 3
9 4 1
9 5 3
8 7 13
9 6 8
3 1 1
8 10
36 8 28 24 36 11 30 14
8 1 7
6 5 15
4 2 10
8 4 7
7 3 1
1 5 3
4 6 15
6 7 14
1 6 14
3 7 15
15 6
41 27 35 32 44 50 42 24 2 40 2 40 25 25 1
7 11 4
6 5 8
11 2 9
10 14 11
9 11 6
6 4 2
9 14
6 28 15 31 31 7 34 22 31
1 6 8
6 7 7
5 9 3
8 6 4
1 4 4
4 3 1
5 3 1
2 8 12
7 6 9
8 3 1
3 7 5
3 1 1
6 1 11
9 5 9
9 18
36 38 1 41 22 11 25 24 1
6 9 4
6 3 12
1 7 11
9 8 1
9 1 4
3 2 10
7 2 14
5 6 4
7 9 9
1 8 1
4 7 14
1 9 10
8 6 6
7 3 13
5 3 2
7 2 3
1 2 2
1 6 5
20 19
38 11 34 12 46 34 17 50 43 12 26 18 39 12 38 21 43 44 14 44
11 15 6
1 15 7
6 2 12
16 1 6
19 13 4
13 19 1
17 8 7
14 13 2
4 6 9
9 10 3
4 6 5
18 1 8
11 5 5
11 3 6
4 8 9
2 7 8
1 4 15
6 10 10
11 8 10
4 1
1 10 38 44
2 1 8
6 14
3 38 48 4 48 28
1 3 4
5 6 7
2 6 8
1 5 2
2 6 12
2 6 2
3 5 3
5 4 11
6 4 12
6 5 4
6 1 7
2 4 5
2 3 4
5 2 9
14 14
11 5 18 45 14 11 32 36 40 21 45 17 17 4
11 10 11
6 1 11
2 5 12
5 1 8
11 10 8
14 13 13
7 3 13
4 14 14
3 7 1
13 6 14
7 11 9
7 10 11
9 14 6
9 7 1
14 11
30 19 33 10 12 42 6 1 15 15 19 24 14 11
4 11 9
10 7 2
14 2 4
9 13 9
3 5 1
3 5 6
4 14 2
7 1 7
5 9 14
12 7 4
8 1 8
2 3
26 27
1 2 2
2 1 11
1 2 4
15 15
7 7 5 10 22 45 37 2 47 43 10 15 35 37 43
13 8 14
2 5 15
3 12 2
8 9 1
12 8 1
5 9 8
1 10 11
13 14 3
5 15 9
15 6 10
12 13 15
13 3 6
7 6 15
15 14 15
3 13 1
5 2
50 20 10 35 25
1 2 8
3 2 13
11 2
27 13 16 16 22 23 1 46 7 41 7
3 1 4
5 10 2
2 1
16 9
2 1 3
20 16
37 10 27 14 24 44 29 45 19 32 42 25 24 48 13 26 23 36 37 32
12 10 9
20 9 5
14 3 7
1 16 14
10 7 7
15 12 2
13 19 5
18 20 14
9 20 2
7 16 3
18 17 4
18 5 8
3 19 14
3 7 12
12 13 10
7 5 12
4 11
36 24 38 31
4 1 14
2 3 14
4 3 8
2 4 1
1 2 12
2 1 2
1 4 1
3 4 12
4 3 9
1 2 8
3 4 12
20 1
30 2 15 49 45 10 4 9 36 8 37 34 26 48 11 50 6 6 16 42
17 8 2
18 13
2 11 5 50 29 46 29 32 12 27 27 21 33 37 9 42 25 42
18 5 14
5 8 11
4 13 8
3 1 12
16 12 4
11 8 7
8 11 14
18 16 7
16 13 3
11 3 5
10 5 3
15 12 13
16 4 5
12 2
38 20 1 46 19 40 35 14 9 3 21 4
9 5 4
11 5 4
6 14
41 18 48 44 24 40
2 4 12
5 2 11
6 3 14
1 3 8
3 4 7
2 1 12
5 3 4
3 6 4
3 5 1
2 5 5
5 2 1
4 5 8
6 2 8
3 6 9
19 20
18 50 42 36 6 23 38 46 38 44 24 18 40 19 46 30 40 16 50
17 15 11
6 17 7
12 5 7
7 1 2
16 2 3
3 6 5
10 16 4
19 8 2
3 2 7
5 7 12
1 15 5
17 4 10
2 5 12
11 18 4
8 1 14
7 3 10
17 15 14
13 4 15
15 5 13
1 11 2
4 13
1 6 49 27
1 2 11
4 3 7
4 2 12
4 2 6
4 2 13
4 2 14
3 2 15
4 2 6
4 2 15
4 3 4
4 2 13
2 1 8
3 4 6
17 9
22 10 40 33 5 39 21 5 6 37 34 25 7 12 19 43 3
6 8 8
1 14 5
17 2 4
2 13 10
15 7 2
10 8 12
3 12 13
10 16 6
14 4 12
11 15
6 48 42 23 37 20 4 40 15 23 21
7 8 4
1 7 8
3 1 15
2 5 2
1 11 12
6 11 1
1 10 6
10 2 12
11 3 14
4 10 6
9 5 10
5 1 8
5 9 2
7 10 15
7 10 4
20 20
21 44 48 38 49 16 32 43 4 28 28 7 47 33 4 40 49 14 30 22
10 8 5
9 2 5
17 2 15
8 20 10
17 15 4
13 14 6
18 8 3
6 5 1
10 19 10
5 7 4
13 18 9
6 13 9
7 9 12
18 3 14
12 9 13
17 12 12
4 9 1
20 3 6
18 14 12
17 5 14
20 6
43 36 8 8 44 8 6 50 22 23 25 20 4 17 42 3 43 20 8 8
8 3 6
17 8 2
5 12 15
11 7 12
20 2 14
18 5 14
19 9
38 11 9 44 27 2 46 22 23 3 31 7 2 1 34 11 33 28 45
5 7 15
14 3 12
11 19 7
14 15 1
16 5 9
19 15 1
14 5 9
4 7 12
5 14 7
17 13
14 16 6 10 13 33 16 20 47 41 43 46 5 4 5 30 9
13 7 15
12 11 15
16 7 11
5 4 10
1 3 13
10 12 14
10 11 5
10 1 10
2 10 1
4 5 3
11 17 6
12 2 10
1 6 8
6 16
7 44 26 42 48 41
5 3 15
6 3 6
2 6 1
6 3 14
4 2 15
2 1 4
2 1 10
6 3 6
3 6 2
4 3 12
1 2 2
3 5 10
6 4 1
3 1 7
1 6 6
2 1 2
19 18
8 44 33 45 31 4 8 10 21 13 21 50 37 42 20 34 48 2 43
11 8 13
16 5 11
11 10 6
10 13 8
2 8 2
10 12 11
7 9 2
9 7 9
2 7 14
8 9 11
18 16 15
12 1 10
3 11 7
12 1 7
11 5 8
1 17 10
6 3 2
12 15 5
13 9
33 48 43 21 25 38 35 20 35 39 31 21 15
10 13 2
2 13 4
12 6 1
11 5 5
13 7 8
1 11 11
5 11 15
9 12 2
9 13 9
18 17
24 8 13 15 34 28 23 4 9 33 31 50 48 35 20 27 14 36
15 8 4
4 18 12
1 9 2
9 8 3
16 11 12
13 6 14
14 8 15
18 10 1
12 18 12
1 14 7
13 4 2
13 1 6
3 15 9
8 5 11
18 2 13
3 14 14
10 16 4
19 16
25 46 33 43 47 6 23 36 1 2 7 8 12 34 40 20 17 34 29
15 1 9
12 13 1
11 15 13
10 15 15
13 19 14
3 17 1
14 8 14
4 2 14
16 17 4
5 16 12
16 6 12
8 17 1
17 10 8
7 9 6
1 3 10
9 5 14
13 8
22 49 42 27 17 5 16 14 20 11 27 40 31
9 4 1
2 5 10
10 3 8
9 10 1
6 4 2
12 8 1
4 6 3
10 11 9
4 9
46 44 48 26
4 3 1
4 3 2
4 2 9
2 3 10
1 3 3
3 1 11
4 2 5
3 2 13
4 3 11
8 5
31 36 49 34 19 38 48 7
3 7 11
4 1 9
1 5 2
3 7 13
1 3 11
7 8
41 10 30 3 36 12 40
7 1 10
6 7 12
6 3 14
4 1 2
3 2 14
5 6 15
7 3 11
4 1 5
13 20
7 35 45 18 27 31 15 36 4 11 4 12 4
2 12 13
12 3 5
12 10 1
9 1 9
12 6 3
8 3 2
11 4 14
10 1 9
1 3 5
3 7 13
3 11 2
6 7 2
2 7 1
4 9 1
9 5 7
11 1 13
11 3 15
9 4 15
11 8 4
13 3 1
3 9
17 11 12
2 1 11
2 1 11
2 3 14
1 3 4
3 2 4
3 2 9
2 1 10
1 3 3
2 1 15
6 5
42 14 6 14 3 24
3 2 4
1 4 9
2 4 9
2 4 4
3 2 6
6 6
47 43 9 32 47 21
4 2 11
6 1 8
5 4 11
6 2 3
3 1 1
3 2 12
4 13
42 6 45 36
1 4 8
4 1 4
3 1 3
2 4 14
1 4 7
4 1 2
2 3 2
4 3 5
1 4 4
3 2 11
3 1 4
2 1 14
3 1 11
10 11
10 44 25 50 50 21 42 43 49 16
8 3 13
1 10 8
9 2 4
1 10 14
6 1 12
6 3 4
9 3 10
5 4 14
4 5 4
6 9 2
8 4 11
16 8
21 41 1 9 36 40 1 24 12 17 32 47 34 20 31 23
11 7 12
5 4 12
5 15 2
1 2 12
15 5 11
7 3 6
14 8 12
1 4 6
17 20
37 44 20 19 18 10 45 26 44 18 17 42 28 35 4 44 33
15 10 13
11 3 6
15 11 15
10 7 6
4 8 1
11 14 15
10 16 10
9 5 8
9 4 15
8 15 2
5 7 7
15 9 8
16 9 6
14 1 9
4 5 8
17 2 8
6 5 14
2 16 2
13 5 6
10 13 12
17 15
30 36 31 27 33 38 37 14 31 30 17 22 7 32 3 33 26
2 6 6
3 12 7
15 17 12
15 12 1
13 8 15
1 2 8
7 14 2
11 13 8
3 17 10
4 13 14
10 1 9
4 16 3
11 6 14
15 14 7
1 12 13
15 6
48 37 25 41 37 4 13 3 5 44 3 9 8 29 4
4 6 11
13 1 8
4 6 10
2 10 13
7 10 11
4 7 14
5 11
7 40 13 9 46
3 2 9
2 1 15
2 1 10
4 1 2
3 4 4
4 3 8
2 4 3
2 1 8
2 3 6
5 4 11
3 4 9
3 3
45 4 5
1 2 6
2 1 8
1 2 1
14 20
28 4 41 19 45 18 22 39 12 18 44 17 5 30
14 7 2
3 5 10
7 14 9
7 14 3
14 4 10
8 6 8
6 7 1
12 7 9
7 1 6
11 8 12
1 7 1
5 13 10
2 14 9
14 6 13
3 4 7
6 4 8
12 7 15
3 6 6
1 2 13
9 7 14
14 17
34 18 11 3 25 46 22 23 30 33 20 37 43 29
2 4 8
12 10 14
12 13 11
12 14 9
1 4 13
10 3 8
8 13 12
6 7 9
2 4 11
13 4 4
12 8 3
7 1 2
4 14 12
2 11 12
5 1 2
5 1 4
4 1 11
7 2
40 46 29 44 26 30 38
3 7 2
2 4 14
6 11
5 8 37 42 29 29
4 1 2
6 2 4
3 6 7
2 4 10
5 3 5
6 4 13
6 2 1
3 1 1
1 2 4
3 4 4
3 4 8
10 9
28 8 28 25 14 18 45 50 47 2
4 3 1
7 10 1
4 8 11
8 2 13
10 9 10
9 2 2
6 2 1
10 9 10
4 6 4
7 19
21 30 45 32 29 38 39
2 3 10
4 1 10
4 7 3
7 1 8
4 3 4
6 4 2
7 6 2
7 4 3
4 5 6
2 1 12
6 7 5
2 7 15
3 4 9
2 5 9
6 5 4
5 6 12
2 4 13
6 5 7
2 7 12
15 2
28 46 18 40 31 14 21 1 41 19 13 24 12 25 9
8 1 6
2 12 3
5 15
38 8 29 16 24
4 2 4
3 4 8
3 1 14
3 1 11
5 1 1
2 4 15
3 1 3
4 2 9
1 4 7
1 2 13
1 2 13
3 5 4
2 5 9
2 3 4
1 5 11
20 19
33 34 6 30 28 39 40 26 8 7 2 46 48 36 12 43 25 28 33 50
6 5 13
2 4 9
4 8 4
2 18 13
19 4 3
20 3 2
7 18 4
14 1 3
7 8 2
17 2 1
1 14 9
16 6 15
15 4 6
13 5 4
16 17 15
18 1 14
7 15 7
19 15 5
6 4 13
8 19
19 43 2 1 36 50 16 50
5 1 2
2 5 10
6 4 9
4 5 10
2 4 5
1 4 15
4 6 5
8 2 5
5 3 3
5 6 3
2 4 12
7 5 6
4 8 6
8 4 15
1 7 11
3 2 4
6 7 15
5 8 12
1 2 14
18 2
6 48 11 12 16 11 19 5 10 14 40 15 5 30 12 20 25 11
2 4 6
2 11 12
14 13
11 14 46 19 45 3 19 5 16 36 17 34 41 27
12 9 6
14 11 12
10 8 6
4 1 2
5 9 3
13 11 1
6 9 3
6 7 4
9 13 11
5 12 12
3 7 2
2 3 6
7 9 4
5 10
43 44 26 29 8
2 1 1
1 3 11
1 4 6
4 2 2
1 2 11
3 4 1
2 1 4
3 1 3
3 2 2
2 4 9
3 3
6 19 26
1 3 13
1 3 11
1 2 8
4 2
40 21 24 44
1 3 1
3 2 6
15 18
1 23 9 37 23 14 8 50 7 46 22 31 28 3 8
5 2 8
12 15 5
15 6 12
6 7 4
15 3 9
3 7 8
7 4 10
5 8 7
12 2 12
13 14 10
4 6 6
1 2 12
14 6 11
4 12 14
4 15 15
13 6 7
4 2 8
6 1 2
7 12
22 16 31 32 3 27 19
3 6 11
5 6 6
2 3 11
2 6 10
1 4 8
4 1 7
4 1 13
6 1 6
3 1 4
5 2 12
5 1 2
2 6 7
17 15
19 35 32 4 29 14 38 1 40 10 1 10 9 49 7 49 18
7 9 14
8 6 5
3 2 6
9 2 4
16 12 12
7 14 15
6 3 3
11 5 4
8 16 2
14 9 12
14 10 11
10 9 5
11 17 11
3 6 14
5 12 15
6 1
32 50 27 16 44 25
5 6 4
11 8
22 17 21 36 30 6 20 32 18 43 50
6 7 4
4 2 8
2 7 15
9 7 1
10 8 8
6 3 11
5 7 7
10 1 10
5 18
34 34 35 29 34
1 4 14
3 2 4
3 2 12
5 1 5
2 5 5
4 5 5
3 1 12
2 5 14
3 2 8
3 5 2
4 3 5
2 3 2
2 4 10
5 3 14
1 4 1
4 1 10
5 4 11
2 1 5
5 9
37 48 9 37 10
1 5 8
5 3 12
1 3 7
1 3 7
1 5 8
4 3 8
4 2 13
4 1 3
2 5 1
7 1
37 29 46 6 17 1 47
5 4 5
3 8
28 27 3
3 2 3
2 3 9
1 3 12
3 1 3
1 2 10
3 1 9
3 2 7
3 1 12
7 16
11 30 40 6 20 12 36
4 1 5
1 7 8
5 1 4
6 7 11
1 2 13
1 2 4
3 6 15
7 3 10
4 7 9
4 1 2
7 2 11
1 2 5
6 4 1
2 7 9
2 6 10
4 6 2
20 20
13 39 9 6 48 49 4 26 50 38 42 49 8 7 47 37 28 1 18 8
19 14 6
16 13 15
19 7 9
18 9 13
8 7 3
11 6 1
12 8 1
20 7 7
8 4 4
7 1 10
18 12 14
12 19 11
12 18 11
14 7 14
1 7 10
12 4 10
19 11 9
10 18 12
9 1 7
16 13 1
20 13
40 25 16 22 22 48 12 20 1 50 28 32 36 42 43 43 14 23 11 42
2 20 8
11 20 6
6 5 7
10 20 6
5 14 14
4 17 2
5 7 3
18 14 14
10 17 11
12 11 8
4 14 4
15 18 11
19 8 8
11 19
42 21 42 39 49 11 32 40 47 28 33
1 5 13
6 10 8
5 11 7
5 4 2
5 4 5
4 10 12
8 9 6
4 1 4
6 11 7
6 10 15
2 9 2
6 5 1
10 4 7
1 5 1
5 8 5
8 4 1
2 1 6
6 2 1
11 10 8
3 5
39 21 38
2 3 3
3 2 10
1 2 10
1 3 7
1 2 13
8 1
10 27 49 8 36 27 12 8
4 6 8
9 12
12 19 41 1 42 33 15 41 39
1 8 10
7 5 14
4 2 2
5 9 12
1 7 7
8 6 7
2 1 11
9 4 4
6 3 9
6 9 11
1 4 9
6 3 7
18 3
48 21 21 46 40 28 24 1 13 15 23 15 46 48 11 12 40 47
11 15 2
5 10 4
5 2 7
17 7
34 14 4 5 36 1 44 16 25 44 28 39 18 44 37 18 5
10 7 11
11 4 5
3 7 8
1 13 14
10 17 7
7 5 13
2 8 1
14 12
26 12 13 46 7 49 13 11 50 19 14 17 5 33
9 4 7
7 12 5
1 7 3
4 14 1
9 11 1
3 9 14
1 2 4
3 5 13
14 7 8
12 6 2
2 12 7
11 4 11
16 9
49 44 13 12 19 43 20 26 10 2 11 37 44 41 23 38
14 7 11
11 7 13
9 15 13
2 15 6
2 15 12
7 13 14
11 14 3
16 14 2
1 7 6
14 19
43 18 14 12 49 10 45 41 23 23 40 43 2 7
5 2 8
9 4 6
9 12 9
13 3 10
1 9 15
3 11 5
12 13 13
10 11 2
2 5 14
2 4 8
3 8 6
4 5 13
12 2 6
10 4 8
8 10 14
11 5 3
6 3 1
1 13 9
14 1 15
8 8
22 39 32 14 19 32 27 2
7 3 13
5 6 2
8 4 8
7 6 11
1 5 9
6 2 12
5 1 3
1 8 6
12 2
29 12 25 20 22 35 9 11 8 22 18 19
9 11 9
6 10 10
13 15
31 30 19 29 44 35 2 47 32 38 20 10 49
8 4 7
9 6 8
10 5 2
2 5 15
10 5 6
6 7 15
13 1 15
10 6 4
13 2 12
5 6 12
10 9 12
2 5 3
8 9 8
13 10 10
1 8 13
12 7
6 6 18 14 50 44 23 40 50 20 1 16
3 11 7
8 2 2
11 2 5
6 4 12
4 5 15
5 7 12
9 8 1
7 7
22 9 28 24 24 46 32
5 6 3
2 7 14
5 7 3
6 4 9
5 3 4
1 2 2
4 5 11
18 20
15 2 38 42 25 13 38 9 3 22 36 46 45 34 40 11 39 13
9 16 5
12 7 6
17 4 11
13 6 15
5 13 6
18 16 8
9 13 6
16 15 13
2 10 3
10 15 3
7 18 11
11 17 14
12 16 4
18 6 11
10 18 12
8 12 6
18 1 3
12 16 7
1 2 9
15 6 4
19 12
35 29 31 15 27 2 1 32 38 12 47 13 27 40 28 32 1 13 45
12 8 14
18 1 11
1 12 3
15 7 14
7 9 4
4 17 8
10 13 5
11 12 7
4 11 3
1 7 14
2 16 2
7 14 12
12 11
30 33 36 5 48 42 47 41 49 40 15 47
6 7 10
5 4 4
5 4 14
1 7 1
8 12 2
2 4 10
12 10 4
6 5 6
4 6 3
12 8 10
6 12 12
18 13
24 18 22 39 13 23 39 33 46 40 29 27 27 23 22 46 3 2
1 12 9
6 3 10
18 12 5
10 9 8
11 15 15
5 17 12
15 7 1
10 4 14
15 12 13
2 13 1
13 18 1
14 3 10
7 16 14
5 14
24 11 50 2 16
4 5 4
2 5 6
2 5 15
1 5 7
4 3 14
4 5 8
1 4 6
1 2 4
1 3 8
3 5 15
4 2 11
4 5 6
5 4 12
1 3 3
17 9
8 24 24 5 32 9 23 14 50 13 8 42 5 17 3 17 13
5 2 9
17 5 6
13 14 2
6 2 11
13 2 3
9 7 9
14 15 6
6 13 6
11 9 5
17 15
24 48 32 31 41 29 48 31 13 20 39 30 14 41 18 38 48
15 16 13
12 4 4
5 17 13
5 2 10
6 17 12
2 15 14
15 1 6
13 16 14
17 16 1
6 8 5
4 14 2
15 1 12
5 17 12
6 15 2
10 13 14
6 10
37 49 11 47 33 43
3 1 6
3 1 12
5 2 5
1 5 1
1 6 13
4 1 6
6 4 3
6 2 9
6 5 1
5 3 9
12 15
26 48 37 2 24 32 4 5 18 22 35 35
7 5 7
7 6 1
1 3 15
7 9 4
8 12 2
5 10 6
10 8 8
10 3 13
7 2 7
11 12 9
7 8 15
4 9 4
10 7 2
6 1 8
1 10 8
20 9
45 15 29 10 43 50 47 2 24 41 31 22 19 45 32 15 41 17 20 40
8 11 9
13 1 2
8 1 8
14 5 11
6 16 5
7 5 15
8 15 12
4 15 10
4 19 9
20 15
4 31 42 47 1 35 30 40 5 39 37 21 12 14 47 27 40 21 45 39
14 5 2
17 19 12
1 9 5
15 7 10
9 8 1
3 20 2
9 1 10
19 7 3
5 12 1
7 11 6
3 10 9
13 3 11
2 9 13
4 20 9
12 19 2
11 6
18 29 36 30 28 35 2 41 31 3 42
2 11 13
1 6 5
6 3 1
1 4 7
2 10 1
10 4 2
18 7
36 42 32 15 21 18 19 12 49 21 5 46 22 37 47 9 23 19
4 14 14
15 5 1
3 16 14
11 3 12
12 13 8
1 4 1
5 4 7
9 7
16 27 48 4 23 8 26 44 33
6 3 2
1 3 5
3 5 9
4 7 15
8 7 6
9 4 2
6 4 3
17 5
40 31 9 48 6 4 30 13 35 1 14 45 16 33 29 14 38
10 11 8
16 12 5
4 16 7
17 14 2
1 16 14
19 17
27 24 8 39 8 9 5 4 26 37 32 41 27 32 37 41 30 27 15
6 10 3
3 2 11
9 7 8
5 19 9
13 18 11
12 17 6
6 9 3
19 2 4
2 1 6
3 12 3
5 2 5
5 1 15
13 7 14
17 3 7
7 2 10
12 15 8
1 2 12
2 1
20 34
1 2 12
19 4
36 50 15 19 49 29 49 4 42 3 36 13 19 4 50 3 12 31 42
16 1 6
7 17 12
17 6 6
15 13 11
2 4
20 30
1 2 9
1 2 12
1 2 3
2 1 8
15 8
15 15 9 30 45 36 26 2 47 21 21 29 16 23 9
11 15 8
8 3 3
15 4 6
8 11 11
8 14 7
2 3 13
11 8 2
11 3 15
11 3
50 28 8 24 38 24 39 30 26 12 28
9 10 15
8 5 10
7 6 13
8 10
33 29 18 35 1 47 36 43
1 3 11
6 4 1
8 5 2
1 2 12
7 8 10
4 3 5
8 5 10
5 4 7
7 5 13
8 3 9
19 8
6 25 32 31 39 15 34 14 27 8 33 23 47 13 10 43 9 7 4
17 6 12
11 9 2
17 5 7
16 19 6
16 14 14
5 1 2
12 11 1
12 1 9
14 16
39 41 34 42 31 29 41 29 30 17 39 36 8 5
9 2 11
8 2 8
9 3 3
12 3 15
3 10 1
7 14 10
9 7 10
1 3 15
6 7 7
12 6 10
6 8 12
14 9 4
8 9 13
3 9 4
10 5 9
9 7 12
19 18
17 42 26 50 16 21 21 27 22 46 33 3 47 14 13 24 44 20 19
19 4 1
3 10 14
12 15 5
7 8 7
3 17 4
1 11 14
19 15 13
11 19 5
14 16 3
14 1 2
14 8 2
4 8 14
19 5 13
7 11 8
1 15 10
11 16 8
3 15 10
2 19 1
16 18
48 13 26 14 16 34 36 33 18 29 13 42 36 37 17 27
6 13 2
12 1 5
12 6 15
3 5 10
7 12 10
4 14 4
5 2 6
6 16 4
3 14 2
5 2 5
10 14 6
6 15 2
1 4 2
4 8 3
15 3 11
12 14 9
13 14 12
12 7 15
4 9
35 47 34 2
4 2 4
1 2 15
1 3 8
4 2 2
4 3 11
3 2 12
4 2 11
1 4 12
4 2 1
9 13
37 15 39 7 10 6 34 11 32
1 5 12
6 3 13
2 5 11
2 8 2
7 4 3
8 4 2
9 3 14
6 7 7
4 8 13
7 3 11
4 1 4
8 6 6
4 6 8
9 12
11 16 41 43 46 43 39 14 31
3 8 1
5 4 14
2 5 15
2 7 8
6 3 12
9 2 4
6 9 13
6 9 8
2 9 11
4 8 13
7 4 5
9 6 11
13 12
5 23 16 7 7 21 11 28 39 4 2 31 11
7 5 9
3 9 14
6 3 3
9 11 10
8 2 4
7 3 12
8 4 14
1 6 15
7 6 10
13 10 1
7 1 10
8 11 4
2 2
25 22
2 1 11
1 2 1
20 5
40 24 34 16 12 10 30 7 39 24 12 48 6 3 6 23 50 26 9 33
20 10 8
18 20 12
14 15 5
18 12 4
1 15 9
20 10
28 24 18 1 37 17 9 40 23 31 39 48 41 23 50 23 32 9 32 39
13 15 1
18 12 7
6 5 9
13 6 14
5 6 15
5 2 6
6 16 9
6 4 2
10 13 8
11 13 3
8 5
17 14 39 34 47 35 1 47
7 6 10
4 7 1
8 5 14
5 8 7
7 3 13
18 20
17 39 14 5 3 33 20 41 16 16 27 17 12 37 11 33 45 50
1 10 9
15 5 14
11 12 12
16 7 10
6 18 8
7 17 7
10 11 5
12 11 1
13 11 9
6 7 9
13 17 3
17 14 15
8 13 11
14 1 3
13 8 14
10 3 12
2 6 10
10 4 10
18 3 1
7 17 7
10 5
3 28 20 9 49 20 37 29 4 22
7 6 2
9 7 9
3 5 5
10 9 4
10 8 6
16 14
2 4 38 7 33 7 15 32 29 3 12 34 27 10 11 25
13 6 8
7 6 12
15 7 15
12 10 7
16 11 10
2 13 13
10 7 1
13 11 6
3 8 10
6 12 2
11 12 9
16 9 7
6 8 1
16 6 15
13 2
21 35 10 50 29 46 11 30 49 6 12 6 14
4 12 4
10 9 11
5 8
36 46 35 20 41
2 4 7
3 4 12
5 1 1
5 4 9
1 5 7
4 5 6
2 3 7
4 3 1
17 14
48 39 45 38 42 23 26 28 31 33 50 50 40 50 16 8 30
7 12 13
16 11 3
10 8 9
4 6 1
13 7 8
17 14 2
5 10 6
12 4 15
7 8 15
8 10 6
5 4 3
12 6 12
12 13 13
16 1 13
5 14
31 50 44 39 47
1 2 4
4 2 6
5 3 6
5 3 14
2 5 6
5 2 9
2 3 1
2 4 7
2 4 7
1 2 8
2 5 6
2 3 5
1 5 10
4 2 8
19 6
11 39 37 16 17 25 18 42 43 21 11 2 22 46 31 46 4 46 21
17 4 2
16 17 10
10 5 10
9 12 15
6 11 14
2 5 10
13 13
3 3 3 6 26 50 36 23 4 31 43 43 36
11 9 8
7 4 9
3 11 9
11 13 14
8 2 8
5 12 10
3 9 7
1 10 5
6 4 9
6 4 7
3 12 6
10 4 15
5 1 6
8 3
2 41 32 44 11 14 41 33
2 4 14
5 6 13
8 1 4
11 18
14 11 35 10 12 28 49 46 20 13 48
3 5 14
10 5 4
9 7 11
8 4 1
11 6 5
7 4 8
6 3 3
7 6 14
4 9 8
4 10 12
9 5 6
2 5 1
6 2 14
9 1 3
1 4 13
4 1 11
5 10 15
8 2 8
12 16
8 28 2 25 34 48 10 46 24 13 21 45
11 8 4
2 10 12
6 2 10
8 10 14
11 5 13
3 7 3
7 6 15
11 5 15
4 6 6
12 1 11
7 12 7
8 3 6
9 6 2
1 7 5
11 3 3
6 9 5
15 20
7 13 44 41 32 1 21 27 20 24 16 12 20 20 9
5 15 4
4 8 11
8 15 8
2 11 11
14 5 7
10 14 14
5 4 8
13 9 14
1 5 11
10 13 10
6 2 5
7 1 7
14 9 3
1 10 14
15 8 13
5 9 8
12 6 2
10 3 6
5 3 11
6 4 12
19 19
13 28 19 44 14 37 4 38 9 17 29 38 21 31 34 30 45 34 27
4 14 13
4 19 3
10 12 15
6 16 10
11 4 14
19 2 2
2 3 7
3 15 5
1 16 10
9 8 13
4 16 10
3 11 1
14 11 10
7 15 1
10 15 4
11 13 10
10 15 13
6 1 4
2 4 2
20 8
4 43 25 9 19 30 36 34 13 28 39 16 31 46 11 9 32 11 3 11
3 2 3
12 18 6
20 11 7
8 2 12
2 6 1
13 15 13
16 8 6
3 18 3
4 7
32 17 16 36
4 3 1
3 4 6
4 3 13
1 3 1
3 2 4
3 1 1
4 3 3
5 3
16 12 19 31 48
4 5 10
1 5 2
2 1 10
12 17
4 15 30 35 8 46 13 28 4 32 43 33
2 3 6
10 7 3
8 10 5
10 12 5
6 8 2
9 5 11
1 5 5
10 3 14
11 3 13
9 10 7
10 12 12
10 11 11
5 7 1
7 4 15
2 10 11
3 10 9
8 10 9
9 13
25 36 2 24 34 12 7 17 32
4 1 15
8 2 13
7 3 11
4 6 9
6 2 1
4 7 12
9 6 9
3 5 2
3 2 15
4 9 8
3 8 3
4 5 14
7 6 11
14 19
22 15 20 27 2 24 13 3 22 30 24 3 20 30
6 10 1
2 5 13
6 5 10
8 5 4
9 12 15
4 10 4
13 9 7
9 13 7
8 12 7
6 8 8
11 4 8
13 6 7
4 3 1
6 3 1
1 14 10
10 9 4
3 6 8
13 12 14
10 1 7
12 6
31 34 39 5 13 14 33 22 4 22 22 28
7 11 8
3 1 15
10 9 5
12 5 8
7 2 10
12 3 9
4 13
35 23 2 40
1 3 13
3 1 2
2 4 3
1 4 9
2 4 13
1 4 13
3 1 7
1 4 1
3 4 3
3 4 5
3 2 2
1 2 10
3 1 12
8 11
48 39 4 50 10 43 14 13
8 3 13
8 4 6
3 6 6
2 1 10
8 6 11
5 4 5
3 8 9
5 8 6
8 6 7
4 8 6
7 2 2
19 14
39 19 45 16 9 32 41 28 11 42 45 12 12 32 4 28 22 13 26
19 8 10
9 10 2
2 19 6
19 2 1
11 14 6
6 19 12
2 15 14
4 11 1
4 17 11
17 15 8
2 9 12
9 11 11
8 10 8
6 16 9
3 8
30 12 38
2 3 15
1 2 15
2 1 12
1 3 7
3 2 10
1 3 11
1 2 12
2 1 3
15 4
32 30 13 39 24 3 14 30 37 10 27 33 41 37 49
5 10 5
7 9 4
2 7 3
5 14 10
2 3
39 21
1 2 13
2 1 4
2 1 6
5 8
7 41 33 41 41
1 4 2
5 2 15
4 3 13
4 1 3
3 5 8
5 4 6
4 1 7
3 5 3
17 20
37 50 50 47 27 21 48 11 13 12 50 42 12 28 41 33 26
2 11 2
12 11 9
15 14 4
8 12 13
1 17 4
1 12 5
10 5 15
1 6 6
1 17 5
5 3 15
6 4 9
1 14 2
6 2 12
14 13 9
5 4 12
6 15 8
10 11 1
6 17 5
5 9 10
15 4 14
5 19
41 25 10 10 18
5 2 8
5 2 7
4 3 15
1 4 7
4 2 13
3 5 13
3 1 3
5 2 12
3 4 6
4 5 12
1 3 5
4 3 12
2 1 13
2 3 11
1 4 2
1 5 14
4 5 13
2 1 9
2 4 8
16 1
1 43 41 35 10 22 27 40 13 26 7 37 28 21 24 34
5 7 10
19 16
18 9 41 44 22 11 3 27 11 33 27 3 23 14 12 46 42 3 9
5 2 7
7 19 10
6 15 6
1 14 13
4 15 8
9 12 6
12 10 6
13 17 13
14 16 1
2 19 3
3 6 12
18 13 10
11 6 3
5 11 5
17 4 1
7 6 11
15 11
47 30 13 39 49 40 25 11 17 23 42 6 15 20 25
10 14 9
5 2 14
14 3 14
5 11 4
15 1 15
8 3 11
6 2 12
3 1 14
5 2 10
5 7 15
10 14 1
9 11
30 7 43 3 18 15 24 28 27
1 4 9
7 6 3
4 3 5
4 1 9
7 6 5
6 5 6
2 6 2
7 5 14
7 8 14
2 1 5
9 2 6
11 11
35 22 10 17 41 38 30 46 35 29 3
10 6 8
5 9 9
4 7 15
9 5 5
4 7 1
7 9 6
3 6 13
5 1 14
1 7 3
6 8 8
9 4 13
15 20
46 22 40 26 46 5 46 27 38 34 37 12 1 20 49
9 3 8
7 15 3
9 8 4
7 8 6
3 6 5
6 13 10
8 10 11
14 15 1
12 13 4
8 1 4
1 3 11
7 9 6
7 9 9
15 1 8
12 6 10
9 3 7
11 4 14
10 14 4
15 14 15
7 9 8
7 14
35 10 45 37 50 28 25
7 3 11
3 4 7
3 7 8
2 5 3
7 3 4
3 4 12
4 6 11
2 1 11
1 4 9
1 2 13
7 4 1
7 5 14
3 4 6
2 1 15
10 6
41 47 26 5 25 47 31 6 47 22
6 3 9
5 6 13
1 5 3
9 5 14
5 9 4
7 1 5
14 8
27 38 24 2 42 1 48 24 6 46 45 28 2 5
6 9 12
1 9 14
11 4 13
4 2 8
10 4 12
6 3 11
9 10 12
3 14 2
17 14
37 32 43 38 36 47 6 15 8 46 8 43 4 2 48 11 45
2 9 8
10 14 3
11 14 7
13 17 8
12 4 6
5 1 9
6 2 6
15 10 11
13 9 1
6 3 2
6 10 3
10 12 3
14 2 1
14 1 6
16 9
27 31 10 45 39 16 9 6 37 31 18 17 48 35 48 13
12 1 5
11 9 6
9 8 3
7 15 10
6 13 10
8 9 9
12 13 12
7 8 13
8 12 11
8 11
48 7 23 23 18 28 35 43
4 7 11
2 5 12
7 2 14
7 2 14
2 7 10
1 6 14
8 1 9
6 5 4
5 6 3
4 7 13
2 6 9
12 19
27 15 10 9 38 13 7 42 25 5 41 4
7 11 5
6 10 1
3 4 10
1 4 13
1 7 9
10 12 12
11 12 6
10 6 6
1 3 12
6 9 1
12 11 12
9 12 12
4 3 13
4 6 3
8 4 11
11 8 10
10 1 11
7 2 11
9 11 10
6 9
1 5 27 46 12 1
5 6 15
5 2 3
6 1 14
1 6 12
6 1 15
5 2 4
1 5 9
2 6 10
5 6 1
3 1
18 34 23
1 2 8
4 2
7 26 27 35
3 4 7
3 2 6
17 3
49 17 14 32 9 32 12 12 49 47 35 27 35 18 19 35 30
6 14 7
6 8 1
8 3 14
2 1
44 32
1 2 7
8 14
40 22 5 37 8 31 23 26
5 8 7
5 8 13
6 2 5
4 7 11
5 1 6
8 4 15
6 5 6
4 7 1
6 7 4
6 2 6
1 5 1
5 4 5
2 5 2
6 3 12
13 2
22 14 39 21 5 42 49 3 49 14 25 10 19
5 4 14
1 9 5
2 4
15 46
1 2 15
1 2 6
1 2 6
1 2 8
12 17
18 27 22 30 45 26 35 41 36 34 20 7
4 5 5
2 1 8
4 3 8
8 3 1
11 9 9
4 5 8
4 6 14
1 5 11
5 3 13
4 8 15
8 5 11
1 5 3
4 11 2
3 5 2
6 2 3
9 6 10
6 3 5
12 14
30 18 50 40 1 42 22 42 42 39 37 34
5 1 13
5 8 8
4 3 10
3 8 4
1 8 1
3 2 12
8 3 9
6 11 11
11 2 12
11 9 8
11 8 14
6 9 6
8 2 13
7 9 8
16 3
1 45 4 11 48 8 3 19 14 34 39 13 38 1 1 30
4 6 14
16 12 11
11 14 5
9 1
42 22 3 42 18 6 5 16 16
2 8 6
4 10
44 29 26 44
1 4 10
1 3 11
4 1 10
3 2 3
2 4 6
4 2 13
4 1 3
2 3 1
2 1 10
1 4 9
6 3
37 16 21 45 21 35
3 6 13
1 2 10
4 5 7
18 16
9 35 50 41 5 21 47 18 2 32 50 36 32 14 24 47 36 18
17 4 7
9 4 2
12 10 6
9 18 11
17 11 15
5 14 14
18 4 8
7 14 4
6 1 13
17 10 13
18 15 15
3 6 14
11 2 14
10 16 13
18 14 12
11 5 12
2 1
45 29
1 2 12
9 5
41 3 19 41 11 22 10 1 10
7 5 4
5 6 10
7 5 4
9 1 12
3 7 12
8 6
41 10 41 27 1 45 47 43
8 7 4
1 3 6
1 7 6
2 5 8
3 1 11
4 1 14
16 1
24 32 40 14 8 42 10 6 36 14 25 40 21 4 20 33
4 12 13
13 20
13 36 41 9 6 39 8 4 30 38 29 12 30
2 5 13
5 1 4
2 1 13
1 11 13
7 6 10
13 10 14
1 5 15
12 4 5
10 13 9
8 10 14
12 11 4
2 4 7
4 8 5
8 5 13
9 11 7
9 10 13
11 4 4
12 9 9
10 8 2
4 6 7
17 7
35 49 40 36 50 31 27 7 41 40 44 37 12 35 9 10 19
5 6 8
13 4 1
5 14 9
6 8 15
17 6 2
5 6 2
16 1 14
2 1
5 8
2 1 13
5 13
30 18 17 22 30
2 4 8
3 4 6
2 5 5
5 1 5
5 4 10
1 4 4
2 1 10
4 5 14
4 5 2
5 3 11
5 2 15
1 4 15
3 5 14
19 7
19 15 10 11 13 12 28 30 8 28 25 16 7 38 44 11 32 28 11
11 7 15
15 18 8
15 17 5
4 13 9
12 14 5
2 13 12
7 3 6
20 6
42 18 29 4 2 9 14 20 47 31 50 36 15 35 16 36 34 14 24 2
2 18 3
14 15 15
14 2 5
11 2 14
11 12 4
19 13 10
15 18
20 33 15 36 20 31 21 3 46 44 6 26 18 39 30
15 13 11
5 11 8
8 1 4
12 5 14
15 14 3
9 5 3
3 15 3
2 10 15
8 11 10
1 5 6
7 2 2
2 5 13
3 12 5
1 7 6
7 12 8
7 1 2
10 15 11
11 1 11
19 5
17 7 42 43 41 18 11 30 50 13 18 7 14 27 15 26 32 11 34
1 8 15
17 13 1
14 17 4
13 12 13
12 14 15
8 2
47 36 41 48 50 11 6 15
8 1 7
2 8 15
11 17
44 31 15 50 26 49 43 42 12 32 27
8 2 7
6 7 9
11 5 10
2 8 14
11 8 12
1 11 11
5 7 2
2 10 8
8 1 2
9 1 8
8 2 6
3 8 2
6 7 5
11 2 6
9 8 3
9 7 5
2 11 13
14 13
15 27 11 28 22 4 23 46 30 28 23 49 46 38
4 9 10
3 4 1
9 11 10
12 3 14
4 10 12
10 3 6
10 11 15
4 3 7
7 6 4
14 2 13
3 9 8
5 12 8
11 6 2
10 12
2 25 14 45 11 28 5 24 4 40
4 8 9
3 9 12
3 4 10
1 6 6
8 3 13
5 7 2
9 1 2
3 4 4
7 3 12
8 6 11
8 2 9
6 4 10
8 8
1 34 37 45 1 43 41 27
5 1 15
8 5 13
2 1 11
4 7 1
5 1 6
5 4 14
1 2 5
2 5 4
18 16
48 12 22 14 34 27 26 2 6 1 41 13 5 8 40 1 36 35
14 16 5
3 1 4
3 18 4
16 3 14
16 12 10
1 10 6
17 16 2
15 11 14
5 1 12
9 17 9
5 7 1
16 5 2
1 4 12
14 7 11
11 16 12
10 5 2
14 20
25 12 16 19 15 40 22 5 16 12 31 20 18 39
13 2 7
9 14 11
13 4 13
3 13 9
14 2 3
3 9 15
5 4 4
10 5 10
8 1 10
13 4 15
11 6 6
4 3 8
14 6 5
14 4 6
14 3 8
6 10 11
10 4 8
14 10 7
12 4 10
14 4 10
15 7
3 2 23 16 15 44 15 46 39 42 18 2 29 50 5
8 12 4
15 12 1
13 8 7
8 2 14
9 11 13
11 9 1
11 13 12
19 10
15 43 42 32 44 22 32 50 50 6 15 3 5 7 46 14 48 14 23
12 3 2
15 18 4
7 11 15
2 7 1
2 12 4
8 11 8
10 16 3
13 19 9
7 18 7
4 14 1
4 5
13 37 50 10
3 1 12
1 2 7
2 1 13
4 2 1
2 3 7
9 6
30 39 47 23 5 38 9 17 24
1 5 9
8 3 12
7 5 5
5 8 1
5 8 6
7 8 5
10 5
12 27 6 10 1 10 47 12 26 22
3 2 12
4 10 15
2 10 10
10 6 2
10 1 1
17 5
2 3 42 18 15 20 23 24 20 32 23 31 9 46 2 13 35
1 10 15
11 4 10
9 10 5
6 9 13
6 1 11
7 14
5 27 6 30 48 40 4
4 1 12
3 7 11
6 7 9
4 1 15
5 1 4
4 3 10
7 4 12
1 4 7
5 7 1
5 4 10
3 6 12
4 2 2
4 1 2
3 5 1
18 12
41 46 13 44 16 31 29 41 25 22 47 18 4 6 42 34 19 49
16 11 9
8 1 10
1 15 11
11 17 14
15 2 11
18 14 12
15 14 12
2 6 5
6 16 15
1 11 15
9 15 1
7 8 9
14 14
24 3 10 46 38 8 10 21 17 18 17 9 6 5
1 6 4
4 1 10
12 1 10
11 13 10
7 11 3
4 8 9
3 4 6
11 7 6
4 11 9
11 3 8
11 9 14
7 13 7
12 8 1
6 4 13
20 2
49 28 22 42 33 16 25 47 20 27 28 43 46 16 23 20 30 18 35 1
17 4 2
20 5 9
0 0
