38 22
-37 141
-31 161
-50 185
72 43
-26 16
-56 8
11 62
39 121
-87 80
-22 89
-51 109
-100 155
-37 74
92 176
-83 79
98 80
-80 66
-59 20
-100 163
-36 75
29 108
-67 190
71 122
11 134
-99 189
74 0
-52 124
56 111
98 147
-14 14
-75 34
-55 196
0 36
-84 51
99 80
26 128
38 159
17 58
-19 178
93 32
17 116
-67 165
-61 189
-75 188
-15 111
52 60
45 197
-44 196
83 22
97 182
-48 122
-41 190
-70 126
99 61
-46 141
-6 171
-44 77
-15 45
-85 110
83 100
71 135
10 66
-19 116
-89 64
38 7
96 190
29 54
30 109
30 128
71 134
-82 64
4 74
-9 139
-31 106
-52 52
56 170
37 65
-65 17
82 46
-19 69
-97 76
-91 132
-20 89
91 161
-84 161
-6 185
75 149
-42 65
-13 77
21 86
29 76
-45 65
-8 40
-67 23
-14 114
-8 39
41 101
21 20
90 111
