8 62 57
56 44 46
43 29 37
19 23 21
54 0 16
11 59 19
36 41 25
40 36 37
36 1 41
45 27 24
57 32 36
55 46 45
46 54 49
49 16 21
57 6 14
42 39 63
41 17 49
44 31 29
63 4 6
50 51 11
41 11 19
27 38 38
44 32 38
8 28 25
45 17 17
49 54 48
58 48 53
35 11 35
22 40 42
14 23 23
55 60 63
24 54 46
8 56 8
46 29 25
14 16 8
27 36 20
12 37 29
60 42 43
38 38 38
29 35 37
27 34 18
63 7 5
24 9 11
45 61 57
34 9 49
52 42 42
16 4 5
40 28 28
62 48 54
56 0 0
9 10 14
7 41 9
50 4 6
46 25 31
29 26 42
54 63 61
47 22 23
23 62 56
9 59 56
36 7 55
11 1 2
26 62 56
24 37 38
36 6 4
29 54 52
53 51 51
46 43 19
50 8 48
10 37 37
35 49 25
22 26 26
32 13 13
4 10 9
61 6 3
49 5 4
14 38 6
11 26 58
11 25 9
51 52 28
2 43 46
54 2 3
8 54 50
59 28 12
2 0 6
26 30 29
55 39 23
28 35 38
14 14 38
17 35 11
25 23 20
51 49 49
49 63 31
29 1 33
40 55 39
26 60 4
10 6 3
41 37 34
60 8 15
58 53 51
52 41 42
