4 6
8
-9
11
28
12 7
8 10
5 6
17 3
4 5
19 2
20 9
-31
-14
-6
-2
5
-2
-7
29
-16
6
25
-13
-2
0
9
-24
-4
22
-17
19
7 7
11 2
6 5
6 4
1 6
4 7
12 3
3 6
18 8
20 5
-25
12
31
4
-21
8
11
6
-3
26
-7
-3
16
-4
-12
-30
-27
1
16
17
6 8
12 2
9 9
6 6
5 6
30 7
-24
-3
16
-13
-28
-5
24
0
-12
-16
28
-29
11
-17
-28
16
16
19
0
-15
-24
27
-28
-3
0
13
-18
5
-22
12
1 3
13 6
11 7
3 3
10 10
9 4
9 6
20 3
-28
3
-26
3
19
-19
-3
22
9
28
2
23
1
11
2
-15
28
9
17
-2
19 7
8 6
10 10
32 7
22
19
-6
25
-11
-1
-5
-25
11
23
28
-12
19
-2
-22
-13
-24
11
3
-29
-13
-12
1
-27
30
-8
0
22
25
-1
28
14
13 8
10 4
8 5
2 5
20 7
9 7
18 7
27 9
4
-3
-17
22
16
15
26
14
-25
-7
3
31
23
-2
13
-24
19
-14
14
5
-14
-6
-30
-24
-31
18
16
11 8
6 10
10 2
11 10
3 8
11 4
20 3
7 1
6 7
31 10
-12
-15
31
25
2
-8
26
9
-7
12
-8
-2
-10
-31
15
4
-26
-18
6
27
-4
2
-3
16
21
1
-29
31
-29
-31
-15
17 4
6 9
15 4
18 4
7 3
20 1
13 2
19 2
7 5
5 9
19 10
-18
2
6
14
4
5
16
5
21
-26
21
-29
-13
7
9
-6
32
7
-20
14 7
9 2
2 7
14 5
12 10
11 8
1 9
18 5
1 3
9 8
29 1
17
31
-23
-9
8
3
-9
-18
14
-25
-16
-31
7
-6
31
30
27
-20
-27
-18
-21
-7
-29
15
-6
-5
23
-21
-9
5 5
7 1
-22
-2
-8
12
20
6
-7
5 4
26 6
-18
-8
-3
-23
3
1
-10
13
25
-8
-5
-13
18
-15
-3
-24
-29
-2
-17
20
7
12
-21
-14
-1
16
4 2
7 8
6 1
8 2
1 8
15 4
9 3
7
-28
31
-8
-12
-5
0
-9
24
14 10
13 6
11 10
23 6
-7
-18
7
-5
-28
-8
21
-9
-15
17
-21
0
-7
23
-26
-4
21
-3
16
-17
28
-26
-25
19 7
9 10
11 10
5 3
20 5
13 8
8 7
25
-2
20
9
8
-13
-30
-2
17 6
20 8
9 8
5 6
4 1
2 3
13 3
28 5
5
-26
-13
16
-21
-6
-13
-29
23
-26
12
-1
-8
13
28
15
-23
-18
2
-11
14
-15
5
-12
9
-28
-3
-31
13 4
12 1
17 10
20 10
6 4
11 9
15
22
-17
-26
2
-22
20
10
-9
-11
30
6 10
7 5
6 8
14 8
12 1
4 4
13 1
1 5
12 8
27 8
30
16
20
-29
-15
30
22
26
-12
-21
24
-8
16
-6
14
29
31
1
-22
7
-20
5
22
21
1
-3
5
16 1
8 3
6 8
12 10
17 2
15 2
20 8
19 6
27 5
-27
-9
5
5
0
-21
17
-28
-31
5
5
-3
-23
27
-24
7
22
17
20
5
-3
-15
-15
30
7
-15
9
3 1
15 7
1 3
12 4
6 10
32 9
-22
4
-1
6
12
-7
14
-14
-17
-2
-27
19
26
-11
-28
23
27
-12
-1
15
26
1
-22
5
25
-23
20
16
-14
19
11
-4
9 6
1 5
6 2
12 6
18 6
17 2
9 8
20 2
2 10
0 0
