1 29
21
67 *
0 1 3 4 6 7 8 9 10 11 14 17 18 19 21 22 23 24 25 26 27 28 30 31 32 34 35 36 37 38 39 41 42 43 44 46 47 49 50 51 54 55 56 58 59 60 61 62 63 64 65 66 67 70 71 73 74 75 76 77 78 79 80 81 86 87 88
1 20
15
1 40
18
1 *
29
1 47
36
9 *
19 21 26 28 31 47 67 69 72
3 *
21 45 90
1 187
44
32 *
0 3 5 6 7 11 15 22 23 32 34 39 40 41 46 47 53 54 57 58 61 62 64 65 69 70 72 75 76 77 82 83
2 40
23 34
1 119
11
1 95
40
9 *
0 1 2 3 4 5 6 7 8
1 27
21
2 *
3 6
2 *
5 40
1 61
48
1 94
12
18 *
0 4 6 7 8 10 15 21 22 28 30 31 34 37 44 46 47 50
1 48
37
1 38
18
1 *
35
1 155
14
2 *
1 23
67 *
0 1 2 3 4 5 6 7 8 12 13 14 17 19 20 24 27 29 32 33 35 36 37 38 39 41 43 44 45 47 48 49 50 51 54 55 56 57 60 61 62 65 66 67 68 69 70 71 72 74 75 78 79 80 81 82 83 84 85 86 89 90 91 92 93 94 96
1 27
17
1 59
29
1 103
47
29 *
1 4 5 8 13 15 17 18 20 23 24 27 38 40 42 43 50 53 64 68 69 76 77 78 84 86 87 89 93
39 *
0 1 2 4 5 6 7 8 9 10 11 12 13 14 15 16 17 18 19 20 21 22 23 24 25 26 27 28 29 30 31 32 33 34 35 36 37 38 39
1 198
51
1 18
4
1 129
16
4 *
8 25 36 38
1 43
7
18 *
1 7 9 17 18 22 23 25 26 27 35 38 42 43 45 52 56 59
2 *
39 76
1 58
14
13 *
3 7 12 13 21 29 31 34 36 37 57 60 68
1 12
0
1 *
30
1 44
2
4 *
0 1 4 5
1 191
38
24 *
0 1 2 3 4 5 6 7 8 9 10 11 12 13 14 15 16 17 18 19 20 21 22 23
46 *
0 1 2 3 4 5 6 7 8 9 10 11 12 13 14 16 17 18 19 20 21 22 23 24 25 26 27 28 29 30 31 32 33 34 35 36 37 38 39 40 41 42 43 44 45 46
1 *
32
1 37
5
1 12
8
3 *
52 54 55
5 *
0 9 11 14 15
1 22
22
1 75
20
45 *
0 1 2 3 4 5 6 7 8 9 10 11 12 13 14 15 16 17 18 19 20 21 22 23 24 25 26 27 28 29 30 31 32 33 34 35 36 37 38 39 40 41 42 43 44
1 170
17
1 85
0
42 *
0 1 2 3 4 5 6 7 8 9 10 11 12 13 14 15 16 17 18 19 20 21 22 23 24 25 26 27 28 29 30 31 32 33 34 35 36 37 38 39 40 41
2 *
5 13
1 32
10
3 *
29 80 84
2 *
5 31
1 100
55
1 49
4
1 25
10
1 32
18
1 100
20
1 70
32
11 *
0 1 3 4 6 7 8 9 11 12 15
1 34
5
3 *
0 3 9
1 131
4
5 *
16 26 45 51 60
1 22
15
2 *
0 1
2 *
0 1
1 73
27
4 *
24 27 29 53
2 *
6 9
1 66
16
1 31
24
1 91
40
17 *
0 1 4 7 8 15 16 21 24 26 28 29 30 31 32 37 38
8 *
0 1 2 3 4 5 6 7
1 88
20
1 52
11
1 6
5
1 127
14
1 50
51
60 *
0 6 9 10 11 12 13 14 16 17 18 20 21 23 24 25 26 27 28 29 30 34 36 39 40 42 44 45 47 48 49 50 51 52 53 54 57 58 59 61 62 64 66 68 70 71 72 73 74 76 81 84 85 86 87 88 89 90 92 93
70 *
0 3 4 6 7 8 9 10 11 12 13 14 16 19 20 21 24 25 27 28 29 30 31 32 33 35 36 37 38 39 40 42 43 44 45 47 48 50 51 53 54 58 61 64 65 66 67 68 69 70 71 75 79 81 82 84 85 86 87 88 89 90 91 92 93 94 95 96 97 98
1 79
7
5 *
0 1 2 3 4
2 *
16 71
1 76
7
1 105
40
10 *
0 2 6 7 10 11 12 13 15 18
1 91
21
1 39
25
4 *
0 1 2 3
1 71
15
1 28
0
1 92
60
3 *
9 21 65
1 40
8
4 *
0 2 4 8
6 *
4 8 27 30 44 50
1 82
4
1 118
25
79 *
0 1 2 3 4 5 6 8 9 10 11 12 13 14 16 17 18 19 20 21 22 23 24 25 26 27 28 29 30 31 32 33 34 35 36 37 38 39 40 41 42 43 44 45 46 47 48 49 50 51 52 53 54 55 56 57 58 59 60 62 64 65 66 67 68 69 70 71 72 73 74 75 76 77 78 79 80 81 83
10 *
4 9 14 16 23 44 49 50 70 76
2 *
2 3
1 128
5
1 70
3
8 *
5 33 45 62 64 69 70 74
2 *
0 1
11 *
0 5 9 11 12 13 14 16 22 23 25
1 *
46
75 *
0 1 3 4 5 6 7 8 9 10 11 12 13 14 15 16 17 18 19 20 21 22 23 24 25 26 27 28 29 30 31 32 34 36 37 38 39 40 41 42 43 44 45 46 47 49 50 51 52 53 54 55 56 57 58 59 60 61 62 63 64 66 67 69 70 72 73 74 75 76 77 78 79 80 81
1 46
10
5 *
1 4 14 25 27
1 116
30
1 31
14
1 33
16
1 119
33
1 92
34
1 53
13
2 14
4 9
66 *
0 1 2 3 4 5 6 9 10 12 13 14 17 18 19 21 22 23 26 28 30 31 32 33 34 35 37 40 42 43 44 45 50 51 52 53 54 56 57 58 59 60 61 63 64 66 67 68 71 74 75 78 79 80 81 83 84 85 87 88 89 90 91 93 94 96
7 *
8 10 15 16 21 27 32
2 18
12 22
7 *
1 5 24 51 55 59 74
3 *
48 55 68
1 *
0
12 *
0 1 2 3 4 5 6 7 9 10 11 12
4 *
1 2 3 4
1 165
2
1 *
82
1 *
0
1 31
20
2 *
0 1
1 *
48
1 *
43
1 58
50
84 *
0 1 2 3 4 5 6 7 8 9 10 11 12 13 14 15 16 17 18 19 20 21 22 23 24 25 26 27 28 29 31 32 33 34 35 36 37 38 39 40 41 42 43 44 45 47 48 49 50 51 52 53 54 55 56 57 58 59 60 61 62 64 65 67 68 70 71 73 74 75 76 77 78 79 80 82 83 84 87 88 89 90 91 92
26 *
1 2 4 5 6 7 8 11 17 19 20 21 22 25 26 30 33 34 36 37 38 40 42 43 44 45
17 *
0 4 5 6 8 9 14 16 17 21 22 25 27 30 31 33 36
23 *
0 12 13 16 20 24 28 29 31 33 38 41 42 55 56 63 69 70 71 75 80 82 83
1 31
4
1 142
68
1 57
16
6 *
1 21 43 62 64 71
1 107
33
1 155
47
9 *
0 8 15 18 32 52 58 63 85
5 *
17 51 59 65 71
1 *
39
18 *
0 2 3 4 6 8 10 11 14 15 16 17 20 22 23 24 25 28
1 84
25
7 *
12 39 52 54 62 82 86
9 *
1 2 3 5 6 7 9 10 11
1 54
26
1 54
27
53 *
1 2 4 5 6 8 9 10 11 12 13 15 16 17 18 19 21 22 23 24 25 26 27 28 30 31 32 34 35 36 37 38 39 40 41 42 43 44 45 46 48 49 50 51 52 53 55 56 57 58 59 60 61
2 31
10 32
11 *
12 16 23 24 38 44 45 53 58 61 86
