100
110 33
31 2 73 25 47 39 0
56 25 88 73 86 84 0
84 105 95 0
42 68 14 39 0
84 43 0
18 30 7 25 63 97 82 0
46 37 24 39 94 54 6 0
104 6 8 1 0
84 90 80 3 108 44 0
66 103 93 91 42 29 17 0
72 79 52 95 48 61 58 45 0
109 37 39 21 0
74 64 69 54 55 6 23 16 50 0
95 109 34 46 38 0
28 15 87 34 19 51 38 33 76 0
71 68 65 13 42 0
99 53 36 48 64 0
49 53 0
36 1 95 77 3 27 0
59 48 12 0
75 95 69 0
100 2 86 65 66 18 58 20 0
67 6 60 57 51 0
5 16 87 0
11 35 108 48 0
92 10 32 83 78 25 81 0
77 4 56 32 10 0
71 85 106 80 102 19 45 79 0
70 23 90 20 110 0
106 98 85 47 22 93 28 33 0
49 40 41 17 13 26 0
30 26 62 15 107 89 5 0
55 96 101 100 9 35 0
154 30
66 88 95 53 35 140 59 20 41 104 110 85 115 154 11 74 87 15 0
139 147 69 16 81 127 123 56 85 66 132 149 41 0
94 69 12 3 88 0
39 48 9 58 43 115 38 44 62 26 69 5 0
52 7 135 54 98 104 0
104 136 76 28 80 86 0
89 125 96 138 81 50 80 131 0
86 40 71 47 87 73 69 2 38 0
105 17 126 116 69 113 101 114 0
59 80 34 11 26 18 90 93 21 0
99 150 58 108 25 128 132 24 55 126 0
134 97 90 29 7 146 92 77 0
124 75 78 23 9 79 73 45 99 0
56 123 130 91 92 37 112 29 19 106 0
82 51 69 121 0
14 23 109 53 82 0
130 30 61 33 99 117 35 122 0
78 77 46 124 6 63 27 122 100 0
70 49 151 107 74 12 18 0
14 102 8 6 22 149 0
141 128 51 55 48 111 0
113 72 17 112 8 0
67 145 135 70 83 84 153 141 152 137 0
42 63 37 68 5 150 83 47 103 0
89 27 39 15 120 65 49 0
145 40 129 57 133 142 118 50 0
136 22 32 148 144 98 83 4 142 125 0
28 10 127 131 111 93 119 117 64 153 75 0
1 140 65 143 120 151 110 0
137 36 31 13 134 83 138 60 0
216 92
72 104 121 0
72 186 12 8 0
37 72 44 180 66 0
52 14 121 0
14 75 168 0
168 164 0
17 64 215 116 147 180 0
212 197 168 142 0
118 1 95 168 0
159 101 14 162 60 0
117 139 17 0
117 84 111 0
118 73 0
118 67 0
17 216 0
118 82 0
23 168 61 58 0
117 65 166 0
121 158 0
84 98 184 208 165 0
10 180 174 152 0
135 72 172 70 0
168 40 160 166 80 0
84 54 140 77 0
26 195 164 31 209 0
143 212 128 0
170 105 62 165 71 0
143 32 0
92 164 0
4 31 193 107 0
31 38 130 0
140 120 0
2 10 51 68 20 188 0
35 118 0
103 70 0
165 79 145 0
5 35 50 204 45 0
67 137 24 0
187 76 133 35 59 0
57 73 0
180 83 30 0
56 180 161 0
181 200 182 107 194 0
178 68 43 0
151 27 34 32 0
25 113 182 9 167 0
41 154 155 107 0
31 146 6 0
124 216 0
176 23 0
17 88 22 0
30 7 173 39 0
8 99 179 40 134 112 0
212 129 0
110 65 0
48 164 21 0
201 202 82 163 0
53 130 0
140 86 149 183 0
19 55 49 107 153 0
81 48 0
136 29 138 81 203 190 13 0
206 40 0
113 63 0
28 57 89 0
117 127 18 0
207 164 0
109 121 94 0
175 189 17 0
102 180 169 0
16 129 74 0
47 177 202 0
214 11 182 0
92 131 132 0
106 40 210 0
115 63 211 36 0
198 5 13 0
15 57 185 191 0
69 42 14 3 141 0
97 132 144 0
6 123 213 157 0
170 196 94 0
90 22 0
93 164 0
148 108 205 156 159 0
78 206 197 126 192 85 0
33 214 0
32 171 46 114 0
3 151 125 4 0
96 100 56 91 0
150 122 87 176 0
119 199 43 0
197 85
106 103 127 0
125 103 172 37 0
145 118 127 59 0
177 103 0
58 177 0
118 22 180 0
141 177 0
11 1 124 177 0
46 86 177 51 0
147 177 164 138 0
112 107 129 118 0
172 137 187 0
31 51 134 159 0
114 182 129 36 0
41 137 0
55 130 58 21 0
51 32 0
54 182 69 0
173 41 9 40 0
127 151 0
137 31 85 0
144 141 29 153 87 194 0
162 150 118 156 0
182 131 45 26 160 24 0
43 143 183 1 68 93 128 0
98 118 0
172 78 81 0
58 66 157 28 185 82 0
89 58 0
32 88 101 0
109 27 134 52 0
78 12 165 179 0
165 53 158 82 171 0
35 192 17 173 0
100 97 98 0
127 6 0
160 136 0
118 24 116 0
103 56 0
100 19 77 0
133 29 12 190 0
172 70 146 0
180 120 18 0
68 63 0
15 151 104 76 0
3 196 103 149 33 0
111 55 108 0
14 60 132 32 0
159 117 33 152 0
168 163 134 39 0
48 109 4 0
191 180 135 50 71 0
6 49 62 140 195 94 0
6 121 0
150 25 72 7 0
69 2 0
67 193 119 103 0
142 56 84 23 0
80 39 0
85 91 105 64 0
8 70 115 155 90 0
1 175 99 83 0
10 136 0
142 188 0
142 139 166 0
103 102 26 156 0
134 189 95 0
16 74 13 4 121 0
44 41 0
181 185 180 170 0
123 161 27 38 172 0
100 57 0
30 175 34 0
61 103 167 0
113 172 0
75 176 184 166 3 0
79 162 138 0
102 47 0
144 58 169 154 0
197 7 148 92 186 30 0
42 39 0
178 35 122 110 0
1 126 65 0
96 1 174 73 0
5 160 20 0
182 44
159 76 68 149 93 0
159 13 23 166 120 0
178 65 108 133 68 124 38 145 16 102 173 0
49 116 180 100 78 68 102 91 0
47 178 168 10 112 145 37 0
80 42 119 178 128 0
34 19 70 120 4 143 0
89 95 15 119 52 107 0
75 32 106 99 120 162 5 144 69 0
142 119 174 177 11 0
147 81 3 69 140 160 0
165 161 119 171 6 141 163 0
160 28 43 65 138 77 88 9 146 82 89 0
61 68 29 0
66 131 42 142 2 34 159 52 0
123 182 105 174 0
103 153 159 90 0
70 36 59 58 39 83 132 154 182 0
137 54 73 104 49 158 118 0
139 33 8 15 0
83 159 7 1 143 99 67 0
159 172 45 173 0
161 179 97 44 0
159 6 95 71 176 17 109 127 0
30 50 119 0
79 45 172 125 0
94 160 164 22 54 0
21 92 72 12 109 86 134 0
18 113 10 36 115 55 84 126 120 0
39 114 96 3 75 24 40 33 0
148 156 175 167 21 122 177 149 0
162 69 98 170 26 101 181 0
88 38 152 141 0
30 13 40 101 117 151 33 0
49 111 48 0
111 71 27 174 108 130 135 0
55 87 31 110 175 73 103 53 0
164 154 20 163 46 88 51 35 0
104 140 129 159 86 136 60 0
8 37 74 85 170 157 182 0
51 64 14 126 41 0
16 169 21 121 57 81 155 0
62 11 79 107 56 150 14 0
147 63 91 117 72 25 0
189 24
24 88 32 57 94 107 163 17 4 0
132 19 64 176 59 55 155 34 61 28 163 49 0
123 42 65 177 110 135 154 56 96 120 3 13 114 40 19 113 81 0
92 74 180 19 34 1 145 64 165 160 179 0
170 100 187 166 18 131 45 174 154 74 15 118 21 0
154 135 14 78 177 38 153 150 76 82 125 37 0
51 48 126 86 57 5 151 25 52 0
138 31 25 175 178 106 56 14 2 63 133 40 83 121 94 32 0
145 51 18 189 84 183 131 162 73 142 9 0
12 67 88 156 115 54 170 184 65 0
139 181 69 75 19 144 49 46 0
19 101 130 82 80 146 108 89 71 105 0
69 120 113 171 91 137 149 11 87 33 104 61 173 31 62 110 107 169 29 28 0
128 145 103 188 35 158 123 143 148 90 0
117 43 164 57 141 124 66 182 159 76 0
2 41 78 7 97 157 95 105 12 4 79 68 134 180 116 80 0
36 6 37 17 10 87 39 85 93 20 11 175 57 0
169 26 27 126 9 58 44 70 72 182 75 189 141 0
116 47 152 16 132 109 73 22 24 30 146 161 60 0
79 48 35 111 167 33 140 46 95 25 47 185 0
66 99 23 5 102 71 187 59 124 111 178 0
136 122 98 8 124 89 119 23 0
38 133 112 115 130 69 77 70 125 63 127 103 0
53 50 147 172 101 142 21 168 129 137 22 186 0
102 93
79 43 0
25 79 0
28 79 0
79 5 0
25 33 0
64 3 28 0
54 89 58 79 0
25 72 0
73 5 0
56 25 0
79 15 0
34 64 0
43 94 0
10 28 0
57 73 0
26 43 0
16 94 0
42 73 0
39 58 0
37 57 0
28 55 0
25 47 0
28 12 0
77 56 0
95 47 0
37 62 0
39 46 0
43 91 0
12 38 60 0
45 73 0
69 15 0
43 78 0
96 88 78 0
44 55 0
79 11 0
4 72 0
26 20 0
88 40 56 0
58 17 0
63 26 0
53 33 0
1 55 0
65 20 0
97 32 57 0
53 6 0
2 58 0
42 66 0
68 43 0
84 44 0
51 91 0
56 19 0
44 50 0
20 86 0
77 99 0
93 2 0
61 19 0
92 62 3 0
4 82 0
67 58 0
51 9 0
47 24 0
41 95 0
5 98 0
4 27 0
50 14 0
22 53 0
71 100 47 0
63 85 0
30 44 0
97 8 20 0
7 78 0
21 27 0
87 62 0
85 83 0
36 22 0
30 80 0
49 92 0
35 98 0
90 96 0
30 29 0
74 23 87 0
67 76 0
70 22 0
33 101 0
15 52 0
43 102 0
16 81 0
73 13 0
18 22 54 0
78 48 0
31 93 0
86 59 0
69 75 0
38 32
13 35 0
13 14 0
6 14 0
5 14 0
14 34 0
7 34 0
31 35 0
6 36 0
14 17 0
33 6 0
5 32 0
13 21 0
26 25 32 30 0
23 33 0
31 3 38 0
26 29 0
2 6 0
25 36 28 0
27 36 16 0
33 9 0
9 1 0
33 19 0
15 29 24 0
12 30 34 0
6 37 0
8 31 0
20 21 0
11 1 0
22 27 0
6 18 0
10 35 0
4 19 0
180 96
72 107 0
72 37 0
30 62 37 147 0
30 2 142 0
170 37 15 146 0
72 150 0
37 20 0
72 10 0
27 20 87 0
20 85 0
103 91 2 0
174 22 29 72 0
69 132 111 176 130 107 41 0
76 122 107 0
30 81 18 7 0
81 42 0
146 121 0
84 128 2 0
143 136 85 5 0
66 105 84 109 0
109 9 0
103 36 0
145 121 46 153 0
139 155 146 125 54 0
172 60 76 0
86 20 55 114 137 0
47 55 0
44 84 0
123 2 0
110 38 109 0
33 179 133 9 0
104 155 0
50 25 37 0
108 106 156 36 88 0
96 67 4 155 0
123 165 23 0
158 85 65 0
115 45 107 0
58 50 17 0
162 159 20 0
67 16 0
72 178 144 0
60 118 0
47 71 0
115 26 0
60 57 149 0
152 159 0
169 109 49 0
148 107 19 0
16 56 126 0
135 148 0
98 152 167 163 0
41 112 97 0
67 120 102 0
119 36 0
13 85 83 80 0
165 70 160 0
133 28 0
24 58 63 0
140 87 74 0
124 20 0
37 90 0
151 166 115 0
135 64 0
177 106 124 0
24 154 0
127 11 135 0
1 60 0
160 53 0
14 41 0
104 157 0
72 171 0
85 21 0
42 59 0
101 53 116 173 94 0
113 68 8 129 26 0
180 74 0
34 117 175 49 0
173 78 0
95 164 124 138 0
40 71 48 0
89 64 0
28 52 0
32 93 148 0
161 49 0
77 58 134 82 86 0
43 51 12 107 131 0
75 64 99 0
53 92 0
53 168 0
98 35 61 0
30 6 31 79 0
73 155 39 0
150 141 0
4 100 1 0
90 3 0
132 31
103 66 71 113 122 15 0
113 37 16 0
116 29 49 131 16 7 32 1 0
113 123 69 31 66 126 48 0
9 123 80 56 22 3 0
123 45 39 87 40 72 92 0
70 90 92 12 38 95 82 27 17 114 0
78 89 39 130 45 12 0
57 118 123 25 21 128 86 13 101 76 0
80 21 64 98 127 74 44 0
121 102 44 25 67 20 0
14 50 80 47 27 59 0
73 103 100 26 4 2 10 96 1 86 83 6 0
113 87 91 120 22 0
91 94 93 112 0
121 50 11 1 3 105 37 132 34 62 108 0
59 33 98 30 110 0
105 128 117 89 59 111 99 0
109 124 59 84 53 63 130 0
23 125 107 36 46 60 82 11 119 0
32 108 30 118 18 31 81 80 0
68 126 13 54 132 24 61 0
52 129 96 1 114 112 120 41 0
43 72 74 116 79 8 55 40 110 0
85 35 61 115 102 83 0
2 14 41 5 49 29 34 84 42 75 104 0
53 77 67 101 17 0
9 12 97 0
106 28 75 80 127 125 71 58 4 0
119 76 88 93 65 83 0
51 81 6 20 131 19 65 0
134 33
29 117 84 46 109 0
66 29 35 68 14 110 0
84 14 70 133 49 36 0
58 133 127 44 0
95 29 71 91 11 0
102 27 25 111 17 43 35 64 96 0
38 45 133 56 0
59 10 130 112 91 0
131 103 38 106 126 50 100 1 0
10 20 130 96 46 120 63 93 0
35 57 104 9 123 0
120 22 107 72 69 91 54 12 0
25 38 30 62 8 41 0
101 37 104 94 28 124 81 113 75 0
33 28 106 107 48 47 86 128 82 92 0
5 108 85 109 27 16 87 0
95 131 87 61 10 6 69 112 0
52 37 23 115 21 129 49 70 0
94 42 6 18 118 99 0
42 102 66 119 129 2 48 3 0
39 3 24 12 11 89 98 0
73 67 108 65 41 134 0
47 83 4 92 110 121 74 88 15 101 0
122 88 116 115 90 0
7 128 19 26 64 3 100 0
43 26 127 40 35 45 105 125 60 31 0
74 76 39 57 114 80 40 0
20 79 117 0
2 3 50 60 53 0
13 114 53 97 34 132 0
5 78 32 29 52 56 0
7 59 55 0
51 17 67 65 77 36 0
140 66
27 56 0
27 121 5 81 0
112 37 121 38 0
84 97 56 0
93 84 6 0
10 121 48 132 0
113 129 121 0
140 6 59 0
6 31 0
10 8 68 40 0
101 31 48 71 0
85 71 0
62 58 65 8 0
59 14 74 0
105 133 46 62 0
137 71 38 30 0
102 32 27 28 0
6 100 11 63 5 0
57 62 126 0
10 42 0
30 2 14 136 67 0
71 45 103 0
70 85 0
51 71 120 139 0
83 14 20 1 0
82 64 100 15 0
138 83 0
70 73 55 0
69 91 14 12 0
84 16 66 0
37 119 0
104 12 0
114 111 75 46 137 3 0
60 64 62 98 0
135 105 7 19 0
72 118 97 104 77 0
26 42 17 99 0
102 50 60 117 0
88 42 0
66 39 78 33 0
67 23 73 92 29 0
124 130 54 29 0
128 111 0
15 93 52 0
90 139 36 0
33 34 21 0
87 33 4 78 24 0
17 67 16 34 127 107 0
53 43 88 0
89 85 35 0
122 107 98 109 130 44 0
94 107 0
83 76 123 0
81 32 131 36 0
3 37 101 86 90 0
76 116 68 110 0
72 80 23 0
120 77 76 125 0
22 61 105 65 0
13 56 79 135 0
96 119 47 115 126 0
106 25 99 0
9 27 18 0
123 13 104 134 0
108 9 41 0
95 29 49 0
278 93
261 147 267 52 89 60 0
73 70 173 10 267 163 0
163 126 249 0
93 261 0
199 261 230 31 72 0
235 190 93 0
221 189 199 0
18 54 261 49 84 219 168 0
267 156 62 88 43 0
62 79 95 15 182 67 0
95 223 192 0
255 229 15 93 61 0
159 146 192 272 0
74 85 199 195 0
5 23 104 125 20 146 0
237 77 93 269 0
90 146 94 0
190 194 164 30 27 0
157 202 239 267 196 0
125 245 139 3 254 0
62 81 274 174 241 0
163 236 200 0
94 142 0
32 187 274 0
94 69 0
190 57 135 6 0
227 216 163 0
195 16 39 0
273 268 103 61 0
195 260 63 25 0
123 243 133 267 0
225 71 108 196 0
95 184 0
224 197 108 78 0
150 136 40 99 274 2 265 0
21 175 227 130 34 0
33 273 233 120 0
169 95 151 9 0
9 160 256 252 19 0
61 4 36 80 0
269 205 247 0
53 242 195 270 129 22 0
186 32 0
234 95 238 0
227 97 0
12 220 9 59 0
117 61 0
111 257 97 76 264 0
138 191 192 0
240 201 146 0
206 119 97 0
121 155 256 140 0
200 9 128 258 178 0
260 75 250 0
188 207 16 193 0
199 66 149 0
259 44 108 0
259 165 0
127 29 100 61 176 42 0
203 231 244 5 247 0
250 137 213 32 107 0
58 165 6 228 87 246 0
275 68 13 26 178 0
134 28 267 148 1 0
171 4 41 105 0
115 277 267 131 0
8 152 51 192 215 0
155 158 0
145 247 0
253 263 251 273 0
172 101 181 142 217 0
4 46 141 0
212 55 102 170 86 114 206 0
144 222 209 251 230 226 0
162 218 224 0
233 204 0
35 51 91 179 110 0
154 166 117 0
3 37 211 122 124 0
11 261 0
95 262 64 98 0
92 83 227 116 0
198 118 17 75 276 109 0
132 96 38 7 123 45 0
24 180 251 161 112 232 0
208 257 106 50 0
113 167 21 0
56 14 273 82 0
278 65 233 48 0
183 234 271 47 0
21 143 0
248 177 249 210 153 0
266 214 185 247 0
74 53
8 56 30 0
48 30 0
64 33 56 0
33 42 0
17 30 0
44 33 37 0
33 9 64 0
9 43 0
63 37 0
14 42 57 0
57 40 0
57 35 0
43 38 51 0
17 50 0
55 65 50 0
51 70 0
31 70 4 0
48 29 0
62 28 72 21 48 0
48 1 0
72 28 44 6 0
70 13 0
68 40 0
62 2 42 0
74 46 37 3 0
42 32 0
13 73 54 0
56 25 0
31 60 15 0
20 55 0
58 57 0
7 51 0
71 30 4 0
27 70 0
19 60 48 0
13 24 0
24 26 0
11 48 0
67 54 47 0
53 30 5 0
39 48 23 0
59 20 0
34 7 0
54 36 22 0
49 19 0
16 23 0
17 61 0
66 47 18 0
69 12 27 0
11 10 0
1 45 0
41 35 0
57 52 0
96 70
25 13 0
43 13 0
25 78 0
40 39 13 0
95 43 0
43 62 0
48 16 13 57 7 0
68 21 13 0
55 59 68 0
57 29 0
62 33 9 0
79 29 0
56 12 9 0
63 40 0
59 22 0
62 82 33 0
75 53 82 32 0
80 78 0
80 89 0
29 71 0
82 35 17 0
80 83 0
82 42 0
67 42 0
94 5 63 0
28 42 0
49 28 0
24 26 4 5 0
78 81 0
50 17 0
6 71 46 0
83 38 0
76 12 21 0
63 60 0
12 70 0
14 81 0
41 50 0
30 13 0
50 74 1 0
31 13 7 0
41 3 0
51 30 0
1 8 52 60 0
79 84 0
64 76 87 0
45 64 47 0
10 8 0
20 12 0
28 66 0
56 11 82 0
50 58 0
66 44 0
25 69 0
47 10 92 0
57 19 0
31 90 0
61 92 0
41 37 23 0
43 93 86 0
29 85 0
65 62 72 0
15 74 0
81 2 0
39 41 54 0
18 34 66 0
25 91 0
52 88 75 0
36 27 67 0
73 55 14 0
77 42 93 96 0
136 44
131 128 1 56 101 88 0
1 32 34 82 120 109 0
120 81 55 48 0
99 56 90 108 84 14 0
94 76 79 86 7 1 108 117 0
3 56 7 54 23 80 95 0
1 124 72 0
70 120 44 132 0
12 127 117 26 129 0
40 14 0
123 56 58 96 24 36 130 0
84 57 41 55 60 6 0
87 3 33 0
112 39 76 14 0
124 121 119 15 57 116 100 61 0
45 40 20 37 0
53 102 77 9 41 21 0
64 63 55 36 0
20 67 118 27 92 0
71 124 111 21 0
51 88 130 117 136 0
101 126 96 0
71 83 109 38 128 9 75 11 127 50 0
18 14 85 0
50 77 69 134 86 31 59 87 58 0
98 111 34 67 92 0
129 104 1 10 30 16 0
37 93 116 48 38 68 0
42 18 78 0
118 2 135 125 42 91 65 94 28 0
68 46 133 25 33 70 0
40 72 97 132 0
115 63 89 0
41 24 106 0
43 60 5 74 123 105 104 0
19 111 95 29 0
62 45 85 66 124 103 5 0
62 90 105 23 49 0
3 82 73 0
54 55 114 0
91 83 19 110 122 124 80 65 4 0
18 8 102 113 0
69 22 103 107 135 35 120 52 13 81 16 0
29 17 47 0
160 63
57 143 114 139 19 0
63 139 115 68 152 0
113 32 57 50 0
133 50 34 62 0
147 139 17 83 0
50 76 28 73 0
139 105 0
30 111 50 119 0
14 133 0
141 160 4 67 30 0
50 88 146 156 64 40 0
135 49 30 6 0
126 96 15 50 26 0
155 116 109 26 0
27 51 28 0
79 142 147 0
70 50 58 9 0
20 44 133 65 0
26 48 0
1 50 108 21 0
148 30 0
117 53 49 0
57 21 13 22 91 102 0
128 40 99 4 27 0
2 27 127 0
78 155 29 0
123 72 99 130 0
138 58 23 0
49 119 87 115 112 0
127 104 94 77 57 0
28 145 0
99 33 80 18 0
124 92 24 87 0
107 85 66 99 67 134 0
12 114 117 10 0
38 140 105 132 0
89 149 158 78 0
35 120 155 37 0
69 49 107 90 0
84 75 146 139 134 0
141 8 153 0
151 61 137 103 45 16 10 0
47 157 147 0
46 138 154 66 104 0
101 54 102 55 61 97 135 0
159 68 108 125 36 122 0
139 13 143 118 47 0
82 126 17 10 41 52 0
144 70 136 52 0
125 152 95 71 0
100 44 0
34 155 129 31 0
98 68 81 43 0
7 63 24 74 0
28 59 160 0
102 56 0
44 42 25 11 71 153 0
154 33 150 106 3 0
58 5 0
65 117 93 86 0
15 59 110 9 128 0
131 121 116 6 31 60 25 0
117 39 0
222 71
21 15 196 0
72 96 160 122 87 164 21 0
214 76 153 21 133 0
70 47 72 38 0
171 133 0
89 49 42 196 150 190 0
16 196 71 0
10 71 0
61 25 18 71 0
113 204 15 31 196 181 109 0
141 72 82 0
53 161 190 83 195 105 167 0
196 119 220 0
133 100 0
21 32 1 0
21 219 19 0
152 171 170 128 188 182 0
161 91 201 156 202 0
131 181 98 158 34 0
103 141 0
143 168 103 0
80 208 120 219 79 0
134 57 200 78 8 170 0
92 156 0
9 72 48 199 0
108 34 4 192 158 0
191 158 0
36 156 6 64 121 0
159 56 68 103 205 26 0
106 17 196 0
127 178 50 80 184 0
114 97 117 167 60 171 0
170 215 44 0
218 215 13 0
73 75 46 219 27 35 0
45 20 48 81 94 0
40 39 11 3 64 0
7 71 0
130 80 159 222 218 0
155 77 111 132 22 99 169 7 86 0
216 57 212 136 0
17 24 112 41 0
135 129 191 124 67 85 4 142 0
118 220 10 209 93 216 0
10 30 33 0
207 22 48 0
48 5 88 126 26 0
178 211 157 55 194 0
139 107 52 181 0
43 212 189 136 198 0
165 40 137 177 0
38 51 148 213 0
154 84 151 178 0
140 8 185 92 1 0
17 187 123 59 144 0
197 130 24 39 0
210 27 69 162 94 0
162 163 157 173 0
74 186 33 166 0
221 54 48 36 0
68 206 47 174 18 0
12 66 138 178 146 0
104 72 37 199 0
110 173 145 14 0
5 43 95 59 180 179 0
172 10 0
158 29 62 90 0
58 28 2 102 11 63 191 41 0
175 176 35 149 147 206 23 183 115 0
203 65 193 147 163 0
42 217 29 101 125 116 0
93 89
5 29 0
29 92 0
29 83 0
5 56 0
83 93 0
11 29 0
62 92 0
88 92 0
35 56 0
92 44 0
58 56 0
26 29 0
52 56 0
35 6 0
77 11 0
2 58 0
87 92 0
63 5 0
48 5 0
91 88 0
77 73 0
22 11 0
48 53 0
54 62 0
84 63 0
85 84 0
52 10 0
52 43 0
56 7 0
78 92 0
41 83 0
7 74 0
41 13 0
51 2 0
24 51 0
5 38 0
87 15 0
13 12 0
48 68 0
83 69 0
71 58 0
59 92 0
31 41 0
22 23 0
93 75 0
83 42 0
33 75 0
46 15 0
21 84 0
36 77 0
26 60 0
56 3 72 0
1 33 0
53 17 0
35 79 0
56 49 72 0
18 13 0
35 76 0
68 90 0
53 70 0
45 79 0
50 2 0
23 82 0
57 79 0
81 63 0
39 78 0
29 47 0
17 20 0
23 9 0
39 37 0
54 80 0
32 5 0
55 76 0
28 68 0
41 66 0
27 20 8 0
16 29 0
43 65 0
27 19 0
93 40 61 0
7 25 0
86 51 0
30 79 0
64 23 0
66 4 0
37 34 0
67 19 0
23 14 0
89 17 0
202 55
171 58 21 92 201 27 10 0
83 45 28 58 0
150 58 199 21 184 162 95 0
120 49 27 75 0
199 45 69 16 161 151 0
97 151 179 0
48 60 181 52 127 30 97 176 0
143 173 58 3 147 0
64 82 32 167 127 0
56 145 152 82 0
2 127 202 0
157 82 59 30 81 0
189 11 82 135 154 180 0
54 9 45 0
76 182 11 138 159 94 191 68 0
60 142 58 202 128 119 0
27 40 88 105 190 188 0
102 82 149 34 0
70 17 66 142 0
151 141 171 8 0
108 152 175 0
41 137 51 2 0
100 183 32 179 120 35 185 114 0
141 129 10 44 182 0
158 140 72 79 28 68 173 39 0
157 133 178 0
22 89 136 109 157 0
190 127 6 131 61 155 130 0
197 136 191 134 156 101 16 0
156 50 149 12 0
66 56 67 38 168 107 0
77 57 42 151 0
81 82 74 19 193 49 0
17 184 87 71 0
96 172 37 184 85 146 0
174 88 4 18 0
53 126 200 160 114 0
26 15 57 194 55 122 184 0
25 23 7 12 91 111 78 0
173 13 14 39 73 0
157 6 118 198 121 0
27 93 5 0
166 144 8 189 29 177 33 200 0
45 84 117 4 0
82 99 164 104 115 43 0
153 46 88 195 98 36 170 40 0
47 22 141 86 125 169 163 0
134 132 20 35 0
187 180 80 165 18 0
80 192 154 62 31 118 148 90 113 0
9 34 19 106 116 159 63 178 0
62 47 5 123 70 139 166 0
43 196 65 3 50 24 13 0
1 120 124 0
112 76 110 103 186 77 0
71 31
62 52 44 38 0
62 8 42 0
21 44 18 27 55 16 60 0
29 62 0
32 70 64 47 27 29 0
22 62 52 0
9 39 58 55 31 24 0
49 54 29 0
57 64 50 69 0
38 19 53 29 0
24 71 29 56 53 0
32 29 37 0
23 19 0
51 45 63 62 33 18 46 0
31 65 64 14 59 0
56 8 7 0
68 54 41 17 0
12 14 11 0
55 25 20 0
25 29 1 15 67 42 0
34 48 70 16 28 50 47 54 0
6 49 14 0
4 37 36 0
39 30 8 0
23 3 0
35 29 40 0
35 13 0
10 9 54 5 0
43 55 61 26 0
14 21 66 0
2 17 14 0
225 96
175 202 217 186 105 0
175 2 40 45 0
105 141 222 0
175 78 196 138 167 0
123 58 141 0
40 50 178 0
105 128 172 155 7 194 0
148 173 123 82 0
142 105 108 0
30 69 108 0
30 149 192 0
181 192 62 0
57 141 0
128 87 113 0
192 147 0
37 141 225 18 98 0
16 24 128 126 0
62 195 91 210 201 0
56 78 74 0
3 184 78 0
166 103 49 57 145 0
189 9 126 0
22 62 0
81 51 29 192 219 0
62 122 0
102 26 74 223 55 0
105 31 154 190 0
118 173 0
111 117 192 0
86 123 140 185 0
62 60 179 100 0
81 150 179 204 6 0
91 136 112 0
10 136 0
75 203 118 0
189 99 35 0
153 214 81 0
157 160 163 109 173 0
84 136 88 0
46 141 0
187 83 192 0
158 103 0
126 64 215 89 0
22 95 182 41 0
70 130 188 123 0
74 33 0
30 121 73 61 0
11 169 33 0
32 123 0
165 173 0
68 182 79 119 67 0
160 85 71 0
38 218 62 0
203 25 0
218 76 213 199 114 0
197 113 0
64 23 0
156 135 33 0
156 97 159 0
62 180 0
8 182 0
144 12 4 91 212 0
19 192 174 162 104 139 0
152 96 85 0
168 152 0
178 209 220 0
188 137 90 0
63 116 77 64 0
161 21 220 0
79 137 106 176 0
120 52 140 0
124 141 0
128 211 15 224 0
59 8 0
193 115 178 129 0
85 94 0
13 125 108 0
42 118 0
107 123 191 0
200 164 165 0
65 127 134 191 0
20 110 34 35 0
5 171 33 198 27 0
208 170 177 32 0
131 23 47 7 0
102 183 48 0
72 53 8 101 0
133 146 170 0
36 178 54 205 0
92 207 12 0
216 122 0
205 17 28 143 66 93 1 0
20 39 151 0
80 43 132 5 0
187 206 221 0
3 44 14 0
97 82
24 46 0
46 26 0
85 24 0
44 24 0
48 46 0
85 78 0
25 48 0
28 24 0
87 46 0
54 26 0
32 87 0
82 26 0
42 17 78 0
42 86 0
87 50 0
19 16 25 0
86 66 0
50 61 0
25 89 0
68 32 0
56 54 0
42 5 0
54 2 43 0
62 32 0
7 24 0
40 24 0
38 48 0
57 44 0
26 60 0
68 33 77 0
7 90 0
58 61 0
52 2 0
18 85 0
9 86 0
44 69 0
91 44 0
59 57 0
41 18 0
50 63 53 0
86 1 0
12 25 0
9 83 0
29 5 0
2 30 4 0
76 35 66 0
30 60 97 96 0
49 33 72 0
22 83 96 0
63 97 64 71 0
74 57 0
65 12 0
93 19 61 0
55 83 0
34 16 0
78 37 0
66 21 0
6 21 0
46 3 0
92 67 85 0
72 95 47 0
15 22 0
75 42 0
86 11 0
67 81 21 0
57 88 0
79 40 73 0
41 31 0
83 36 0
94 93 0
27 71 0
39 88 0
10 94 0
87 14 0
13 34 0
45 28 0
80 84 4 0
51 42 0
88 8 0
23 50 0
42 70 0
71 20 0
141 2
128 114 43 71 76 124 85 104 69 98 81 18 21 42 54 123 140 4 58 118 130 22 141 102 67 103 88 65 139 70 113 24 40 111 47 8 79 57 28 135 105 59 14 33 36 116 48 12 94 23 29 92 121 73 10 97 77 32 68 55 1 60 100 66 26 20 112 27 109 7 110 91 17 44 96 75 106 136 30 37 35 131 120 132 84 53 5 117 25 49 56 34 46 93 39 2 138 126 0
111 122 108 118 141 31 130 91 101 28 112 7 94 32 133 99 14 79 15 37 13 100 103 124 22 54 53 81 126 137 43 98 11 129 107 16 51 39 87 120 125 123 55 106 138 40 140 27 115 136 61 9 1 104 92 95 3 85 63 4 10 26 70 20 62 135 8 17 73 83 119 82 48 52 44 41 6 72 134 132 66 65 29 90 89 64 117 67 105 12 78 127 45 69 57 38 113 96 77 47 74 19 58 80 50 110 86 0
184 31
166 146 170 92 153 65 169 0
52 171 139 110 169 140 32 125 145 129 160 0
114 182 28 71 98 74 155 15 17 169 46 0
50 39 154 18 52 165 75 137 10 167 162 124 13 132 0
52 127 72 120 93 106 88 0
67 4 79 94 38 59 172 12 6 179 9 118 86 35 75 0
53 64 148 173 77 26 131 87 67 176 25 95 0
48 144 78 52 155 105 64 0
67 91 123 79 117 86 26 58 0
91 90 178 181 135 123 150 85 96 21 58 0
27 15 23 14 67 0
121 149 88 107 177 2 90 34 0
62 74 77 67 0
41 67 84 180 37 147 0
12 103 16 5 83 38 105 46 122 43 100 20 0
180 157 112 48 39 76 1 156 149 56 19 125 0
182 68 67 167 159 133 102 42 111 184 135 0
16 27 95 20 103 57 164 109 141 0
63 60 54 36 144 29 147 152 81 107 134 164 171 0
179 108 69 120 47 24 4 70 17 0
55 61 157 115 2 100 105 45 44 0
52 7 122 112 158 0
94 138 37 104 8 176 92 178 143 136 67 73 0
93 78 168 53 40 47 166 30 130 0
80 20 51 82 73 0
142 23 99 45 109 25 60 0
138 126 184 161 76 97 81 175 0
66 175 13 7 31 101 0
183 163 3 151 11 8 174 106 177 0
59 68 116 17 137 22 33 0
49 128 113 119 129 183 36 82 66 10 89 169 139 0
80 34
58 50 4 65 64 1 0
19 67 50 0
41 44 19 0
50 53 29 21 0
68 10 41 29 43 74 73 0
79 35 3 54 1 72 69 19 0
20 62 50 18 0
5 53 0
64 8 0
66 19 48 60 0
77 57 20 70 15 17 53 0
5 72 61 0
65 41 9 0
26 28 14 5 0
51 53 73 6 76 0
53 80 69 0
9 47 18 78 0
75 48 52 0
7 75 0
59 41 34 63 0
71 24 58 74 0
12 75 0
40 66 76 25 0
22 12 2 0
38 62 11 0
42 36 78 21 30 63 7 0
40 71 13 43 0
8 16 0
55 39 46 57 3 80 10 32 0
37 79 64 35 45 60 0
56 32 0
9 23 31 0
33 27 75 6 0
48 49 0
233 38
118 64 137 227 67 29 106 158 51 1 48 209 96 41 0
186 143 137 96 109 0
64 23 134 11 165 205 197 73 53 0
9 8 169 141 38 88 186 86 35 0
9 152 30 180 173 77 141 58 56 87 229 0
94 35 24 177 104 93 76 186 0
190 10 164 110 55 28 47 137 0
82 22 8 194 224 78 122 186 30 192 84 199 39 203 179 124 49 11 0
135 191 201 203 223 195 188 187 111 186 76 101 0
202 77 231 186 107 17 0
36 97 137 207 213 44 218 198 20 232 0
46 6 125 184 197 53 168 89 22 0
172 70 229 130 69 107 6 55 131 0
45 164 59 90 170 61 4 230 139 78 82 0
153 40 185 150 25 57 156 141 151 100 0
48 95 193 64 31 65 140 129 41 71 0
141 136 127 39 80 119 154 117 83 0
121 226 100 220 2 174 202 86 164 0
171 208 141 51 12 166 14 215 155 21 0
175 88 137 0
87 5 92 223 126 167 196 27 53 144 0
222 108 179 19 138 16 44 219 112 0
147 123 66 72 137 0
103 79 49 164 212 71 36 18 61 37 208 183 0
3 52 103 74 85 142 101 182 15 149 0
127 79 114 68 206 67 204 83 200 81 0
148 50 145 23 146 211 63 226 75 150 0
17 176 181 54 210 0
225 221 117 104 178 34 103 33 116 46 0
60 175 233 132 110 106 0
97 42 162 130 25 109 57 0
54 31 50 42 99 161 119 13 32 228 26 0
133 160 98 221 26 90 217 62 29 163 0
99 7 214 118 179 0
120 189 147 94 128 0
113 105 47 65 0
115 91 157 216 74 50 0
102 18 58 216 43 159 0
231 62
225 217 144 174 202 67 0
223 55 83 17 225 205 207 0
122 197 201 183 55 0
225 212 54 41 32 229 100 0
67 130 157 28 0
225 40 129 50 0
120 63 137 55 0
212 42 5 32 0
133 6 50 213 225 13 0
157 128 206 204 70 15 58 208 1 180 0
86 115 172 157 9 0
228 213 0
42 81 0
143 181 136 147 141 183 0
121 42 25 0
61 10 157 34 199 152 36 0
47 139 67 18 72 0
112 31 35 204 0
46 200 9 60 0
3 137 59 124 0
14 203 27 85 54 228 211 0
204 17 171 126 73 184 2 23 0
39 40 220 66 20 168 153 0
95 89 27 93 19 105 204 0
102 227 16 196 228 0
55 74 19 4 68 36 186 0
177 70 158 228 0
12 179 87 197 43 9 191 0
173 40 195 106 76 88 166 0
56 212 109 0
153 64 103 219 151 0
222 47 90 81 193 0
30 171 226 42 216 224 178 0
208 204 24 69 0
211 139 110 162 132 176 0
167 150 44 30 38 0
123 73 218 67 6 12 91 0
228 149 0
71 97 231 188 182 152 0
121 163 114 134 145 131 37 0
96 118 222 99 0
139 65 22 159 155 45 187 0
68 48 56 52 1 183 71 127 3 0
175 38 62 209 94 125 0
59 101 190 0
92 148 63 140 123 0
119 80 7 158 161 142 0
45 18 221 38 8 0
222 194 192 0
183 117 169 104 0
156 224 75 214 67 231 51 0
103 5 10 37 98 0
214 176 11 154 0
170 135 21 149 113 0
108 194 160 138 0
165 146 29 189 116 82 222 0
198 84 111 38 0
190 44 78 185 53 0
113 60 15 33 49 28 31 0
230 164 40 210 25 201 215 77 0
57 188 79 0
188 107 26 0
194 69
190 118 147 0
43 39 147 89 11 0
127 170 162 180 89 169 163 0
120 188 147 0
33 96 162 67 0
67 29 0
29 182 0
182 86 48 35 108 0
101 162 146 0
58 108 142 50 0
38 146 179 79 187 34 28 112 0
144 16 29 0
108 74 0
89 51 0
175 146 85 0
75 29 27 183 0
165 144 164 110 0
164 159 0
109 187 30 0
171 122 183 191 0
78 128 22 158 51 0
87 162 140 94 0
7 148 177 59 46 89 180 102 0
52 183 124 192 41 0
144 174 34 0
153 99 54 146 152 137 47 0
49 123 6 74 0
71 182 5 84 0
156 21 111 194 95 183 93 177 0
188 90 0
140 145 64 43 0
126 193 176 30 31 172 0
32 74 0
155 186 145 0
28 149 30 185 0
17 88 164 72 0
23 90 9 0
165 178 97 76 20 181 32 0
90 62 73 0
129 76 81 106 143 0
153 70 38 68 90 55 0
5 107 32 133 63 0
8 10 89 189 0
57 1 173 42 29 193 0
145 53 0
44 186 138 67 21 0
26 100 131 92 90 134 143 0
151 174 148 0
69 24 84 36 0
13 90 114 0
141 145 59 179 66 0
80 159 173 157 49 0
158 154 54 17 0
65 183 83 116 105 119 161 45 0
31 6 61 3 0
152 154 117 0
157 14 103 0
113 18 66 0
25 2 188 0
15 115 145 166 139 0
168 98 56 106 12 0
82 125 69 8 58 121 0
19 158 40 160 0
84 60 77 22 0
130 170 51 167 132 0
37 26 117 0
140 136 0
45 184 104 76 150 0
36 4 27 91 135 37 0
139 26
122 89 138 132 93 109 5 0
71 39 60 7 27 5 51 0
73 34 110 135 71 49 65 4 117 0
122 123 30 70 32 64 68 90 0
67 120 71 69 98 50 103 139 133 77 17 79 0
27 81 102 125 90 47 24 16 94 0
10 2 24 15 33 86 84 76 54 83 31 48 51 0
63 71 124 131 93 20 85 0
110 53 35 48 29 90 101 42 31 116 117 137 57 0
138 61 45 139 37 68 53 62 47 0
30 65 76 45 5 66 0
113 74 12 124 20 114 70 15 0
97 104 133 82 95 23 118 0
37 121 1 129 73 54 25 18 0
78 16 36 56 120 57 128 54 0
54 55 111 83 136 97 0
96 58 119 108 107 133 12 128 79 130 123 0
130 131 107 135 46 89 0
59 99 85 113 40 86 63 38 69 0
36 50 105 75 107 22 0
11 94 121 9 14 111 102 133 0
84 92 38 127 43 108 122 6 98 41 82 13 0
28 74 87 88 52 19 66 137 91 17 8 42 0
72 21 115 5 3 0
81 106 118 44 112 77 104 134 80 100 0
96 26 126 18 109 25 58 91 136 67 0
126 29
99 125 105 60 36 52 0
36 78 58 66 123 0
23 75 125 47 126 33 122 48 108 93 110 0
24 111 30 15 3 58 45 44 56 5 0
85 120 43 58 0
18 74 36 84 76 25 0
103 54 47 36 0
59 64 79 87 58 0
111 42 7 31 77 0
17 38 65 95 125 96 109 21 46 12 0
35 63 22 120 117 0
116 4 32 19 84 123 51 113 0
62 117 100 65 97 31 111 10 27 63 43 0
95 114 8 73 14 37 61 0
5 78 34 125 49 124 115 21 90 113 45 0
29 91 86 24 102 83 36 11 0
107 80 90 4 68 81 0
77 71 19 16 55 121 2 89 0
81 70 104 36 17 67 0
93 33 119 97 73 83 124 50 0
112 121 14 70 41 82 0
106 114 54 39 91 103 0
104 40 126 0
20 92 9 106 108 0
10 68 88 57 103 118 109 99 0
112 42 88 8 29 44 94 0
101 28 89 52 26 76 106 0
61 80 79 1 72 15 6 0
98 53 4 69 105 13 0
144 29
42 51 75 2 140 52 0
137 75 47 37 119 20 96 0
134 51 18 115 37 116 0
51 107 138 10 128 120 102 0
51 124 68 64 17 15 119 128 63 0
70 5 75 60 81 113 0
38 143 134 25 34 0
38 106 44 90 111 8 144 94 27 72 135 0
77 109 132 32 75 104 61 91 136 7 0
75 97 110 1 107 114 105 23 0
61 52 33 99 22 88 0
94 83 48 54 61 123 11 9 0
26 85 47 92 102 0
95 133 96 30 46 9 103 22 93 0
74 73 85 24 50 105 17 0
98 121 95 36 92 108 19 30 79 0
115 4 101 1 105 103 141 28 136 0
122 45 120 71 105 87 79 143 72 89 0
69 127 76 31 24 84 47 98 116 58 0
129 57 31 130 139 39 33 135 0
49 92 112 117 0
29 11 16 78 80 0
39 28 65 100 10 126 91 67 86 0
90 110 21 6 144 50 73 0
132 32 141 13 59 126 131 40 20 89 83 0
100 133 53 12 14 62 66 56 117 44 0
58 62 3 18 61 7 13 71 12 41 0
130 125 118 64 86 142 93 40 43 0
57 36 42 35 21 82 55 139 27 41 142 48 84 0
150 36
36 80 33 32 60 117 0
58 66 73 60 119 76 82 61 0
148 65 84 76 33 0
121 136 84 24 70 118 12 0
84 68 89 69 91 45 0
60 103 132 69 0
38 103 93 81 0
115 33 30 67 70 105 0
49 24 114 134 88 53 0
64 59 111 11 148 42 34 87 51 75 58 48 0
150 41 72 62 105 118 42 79 48 21 25 0
113 79 2 32 132 0
67 141 55 33 37 56 128 0
24 22 54 92 94 131 52 63 0
1 106 50 61 139 124 38 0
144 135 93 56 57 59 20 136 4 0
115 63 129 83 96 146 141 18 0
74 116 82 97 122 102 120 72 56 113 0
5 20 11 16 66 15 0
35 73 108 2 147 29 0
9 17 27 45 80 13 48 0
58 94 107 147 104 0
128 142 101 96 112 37 79 0
78 68 33 140 143 0
39 149 99 86 13 19 23 129 0
55 123 84 124 0
46 7 90 130 140 25 100 16 34 29 0
83 22 35 125 123 12 40 0
47 92 50 143 110 144 0
145 36 44 129 109 0
6 95 65 58 0
142 133 85 5 91 26 0
23 87 19 77 138 51 0
38 126 86 114 3 137 0
8 127 6 101 71 126 10 14 0
43 98 103 28 31 0
87 75
7 81 0
58 7 0
67 7 0
19 58 0
52 58 0
66 60 7 0
39 81 0
67 12 0
60 38 0
59 19 0
86 7 0
12 78 0
59 83 0
39 20 0
20 40 0
67 79 0
52 35 0
64 81 0
69 86 0
40 9 0
23 83 0
83 65 0
7 70 0
24 28 64 84 0
79 15 44 0
40 73 0
50 52 0
81 33 0
59 62 0
38 77 0
1 83 0
39 75 0
42 62 22 0
38 55 0
11 33 0
41 81 0
76 64 0
65 3 84 56 0
5 24 0
5 16 0
13 78 0
28 59 14 0
54 79 0
1 37 0
26 41 0
39 63 0
26 49 47 0
13 36 15 0
30 23 0
17 74 73 0
37 46 0
42 34 27 0
77 85 0
49 8 0
87 38 0
25 75 0
46 10 0
64 61 0
29 35 43 0
33 57 51 0
53 41 0
69 4 0
55 18 0
41 71 0
32 38 0
56 54 48 0
62 6 0
82 1 0
68 67 0
86 21 0
76 72 0
80 63 0
45 54 0
5 2 0
14 31 0
206 62
11 37 45 70 172 163 35 166 0
162 9 146 35 16 73 186 0
142 35 0
39 149 73 53 75 34 64 0
187 35 174 0
187 178 80 188 82 28 0
111 149 143 116 194 52 0
35 192 204 18 0
192 197 151 135 0
132 74 25 35 125 203 0
149 155 43 50 0
61 16 83 32 50 0
50 30 168 0
20 27 13 174 161 50 0
127 151 0
93 172 68 54 98 0
5 206 2 85 69 35 0
175 60 140 18 154 194 0
61 42 171 7 0
201 197 182 19 36 195 127 177 0
112 120 132 44 0
29 60 0
176 2 130 0
105 55 194 86 0
122 37 12 163 61 159 0
35 17 200 88 72 193 0
128 93 185 114 0
44 47 199 184 147 0
50 121 150 66 17 0
192 51 110 0
1 43 40 87 90 50 0
31 110 167 0
127 179 124 48 0
55 49 26 67 5 24 114 0
196 21 126 168 181 12 91 0
14 76 4 138 127 162 175 118 22 173 89 19 102 0
183 168 203 46 0
194 145 0
129 57 122 153 56 144 0
152 99 165 65 24 180 0
86 205 104 100 84 0
169 7 196 0
182 119 51 0
78 96 182 65 190 0
25 117 52 47 160 130 0
133 107 149 57 38 0
58 108 196 28 0
33 46 195 34 42 0
152 77 0
115 60 9 113 0
141 8 152 63 0
172 134 103 109 39 148 0
97 189 158 33 0
3 81 61 101 0
27 86 136 164 0
190 145 59 0
131 119 156 15 155 191 40 0
10 2 94 23 79 0
95 151 106 201 123 45 139 0
157 33 30 202 170 41 0
132 62 198 137 0
161 29 53 71 6 92 0
100 15
72 57 48 56 80 42 28 21 73 50 0
23 18 55 91 56 57 2 99 40 72 68 49 0
62 13 54 57 76 74 0
35 16 66 31 74 38 58 41 46 53 36 0
46 5 10 12 69 20 65 74 8 71 0
4 77 82 55 19 100 71 14 52 13 24 94 8 57 87 0
79 22 91 37 28 17 7 99 30 2 15 27 95 0
50 54 9 51 17 78 60 83 86 0
49 31 98 67 81 70 45 43 29 23 61 57 52 0
5 59 61 85 50 0
32 20 96 63 22 11 83 26 3 88 82 90 47 0
64 84 27 90 45 79 19 24 60 44 95 32 66 25 0
1 6 89 98 75 16 39 93 0
97 33 86 78 14 18 92 44 0
81 34 69 63 41 11 1 77 59 0
106 34
25 76 14 86 0
82 92 76 100 0
41 61 84 48 15 101 82 26 0
81 43 44 14 0
55 17 38 106 85 14 19 0
5 39 27 75 14 79 90 100 0
14 31 103 98 39 0
96 44 65 0
65 49 37 97 0
12 52 9 75 0
102 57 101 56 18 0
88 96 76 53 87 41 71 0
104 44 47 24 28 2 62 0
68 78 75 104 81 95 5 25 0
8 106 1 72 75 69 52 0
99 91 56 82 45 66 60 63 77 0
63 66 102 50 82 0
47 3 1 51 0
21 8 40 0
98 27 4 58 31 70 2 60 0
10 48 14 67 0
67 73 0
42 65 0
94 6 89 29 83 9 86 19 0
94 77 34 30 3 91 22 53 0
13 36 15 7 105 68 0
59 4 87 0
10 11 16 95 79 59 0
80 35 17 14 0
42 78 29 74 33 0
14 23 71 0
9 12 70 64 90 0
93 54 46 89 92 33 16 0
20 49 8 32 0
127 5
50 19 87 92 17 124 97 10 114 32 63 77 110 36 89 51 25 56 3 81 58 41 70 68 28 35 78 98 26 6 15 122 18 94 83 127 20 74 95 66 0
108 31 123 11 22 56 48 75 28 37 115 71 76 85 67 8 34 26 33 4 99 118 21 17 12 1 105 24 36 74 51 64 117 122 88 54 86 49 82 0
60 40 47 105 21 85 96 125 69 53 102 99 6 58 123 78 62 52 66 76 121 112 107 80 35 126 93 24 22 16 75 34 72 45 7 0
52 84 83 60 79 13 53 44 119 103 113 65 61 118 20 116 91 42 100 96 101 15 112 59 25 46 39 18 111 38 92 90 77 55 72 73 30 32 86 41 62 124 98 43 40 9 0
29 7 27 57 23 14 109 38 127 103 2 37 5 13 102 69 64 60 104 106 61 120 87 54 50 0
230 33
85 128 63 91 25 122 162 130 141 0
124 46 55 137 227 11 181 166 53 162 120 0
13 45 120 123 150 4 108 77 144 129 24 170 229 0
220 131 22 163 60 94 76 108 165 72 200 120 117 33 0
83 90 142 123 102 7 152 170 0
148 8 122 37 204 42 162 190 99 74 79 0
117 222 35 155 126 89 31 0
19 146 162 44 208 171 116 15 56 41 16 0
10 219 66 15 208 207 201 170 173 0
61 140 192 28 153 141 193 0
179 44 159 111 56 68 151 29 206 0
46 147 178 164 203 67 6 201 45 19 73 0
212 67 74 125 148 76 182 3 28 203 230 0
92 20 30 31 100 87 169 93 113 170 39 0
120 196 88 11 132 83 205 27 187 0
200 95 53 54 110 43 117 158 59 0
118 104 1 8 164 75 121 80 0
199 184 223 90 159 228 62 5 17 0
98 115 92 133 168 217 228 71 195 0
26 20 114 38 81 133 183 92 0
23 188 103 158 86 134 138 105 209 66 167 50 0
82 149 36 131 177 12 77 157 112 158 127 0
56 156 70 143 57 96 161 87 0
84 115 106 78 101 16 154 143 42 197 64 113 14 186 0
49 62 126 213 9 211 100 24 216 65 0
51 120 224 204 119 26 219 109 214 175 226 0
81 225 120 69 129 2 0
68 212 218 70 47 58 10 18 59 174 40 3 52 0
34 185 73 223 135 136 194 212 0
18 180 29 96 51 221 176 13 79 40 0
143 48 202 64 145 132 215 89 0
107 65 191 189 198 21 32 210 172 196 12 160 0
118 57 47 139 97 41 95 119 212 75 230 0
142 42
122 55 22 70 0
22 85 140 18 0
46 140 24 0
27 140 96 134 113 42 100 102 0
114 35 42 54 46 0
53 22 63 72 36 34 10 0
11 96 45 124 0
35 4 118 1 0
48 68 45 58 0
109 53 5 46 103 111 0
106 76 52 88 30 6 61 1 49 17 32 139 92 0
97 22 129 116 110 0
58 96 47 142 104 74 0
10 22 56 131 0
60 111 0
124 74 90 119 37 0
96 13 0
40 111 123 114 54 55 0
90 64 23 25 115 62 140 112 0
93 41 59 126 28 22 0
118 105 138 7 62 8 29 0
63 66 22 131 15 2 142 135 12 0
94 87 38 104 82 22 0
85 140 3 77 31 38 0
109 75 45 127 0
33 35 49 27 92 89 88 0
74 86 0
48 72 76 107 66 9 0
79 93 44 78 126 4 0
108 64 67 15 91 86 16 24 51 0
127 98 136 52 95 0
132 26 108 0
70 65 34 133 0
21 3 26 113 67 50 137 0
83 1 117 105 8 0
29 130 84 73 71 75 127 121 81 0
120 20 111 61 115 23 0
14 119 22 40 125 0
57 80 69 65 0
127 16 141 43 7 0
134 117 19 18 101 0
99 2 128 47 39 59 0
173 29
94 164 48 97 69 98 114 0
103 30 26 96 164 102 99 0
117 25 151 77 66 80 7 155 96 161 36 0
96 33 140 91 57 83 27 47 108 63 61 75 32 0
123 113 120 4 90 3 163 106 85 124 159 69 0
63 173 12 1 140 128 62 0
69 108 109 56 57 86 0
6 111 105 128 87 48 117 70 0
55 131 109 18 121 103 92 21 17 16 171 0
147 19 46 37 74 164 139 153 154 0
165 24 149 170 73 16 110 167 61 161 126 0
9 42 11 157 20 123 82 122 31 137 79 95 96 17 0
117 58 28 88 125 73 35 173 38 1 0
50 80 79 35 172 140 126 27 0
59 87 109 148 158 101 25 157 0
58 13 119 124 138 78 109 72 116 0
55 166 151 60 140 51 43 132 0
99 152 112 53 104 109 72 2 85 0
7 14 40 84 134 169 56 8 164 0
144 113 96 67 66 40 20 0
14 141 133 68 81 110 51 156 64 44 0
54 164 81 76 9 60 148 11 0
107 46 6 92 135 2 36 74 129 0
136 41 96 130 158 115 167 39 29 78 0
71 120 54 49 47 145 65 100 150 30 23 94 0
89 43 142 52 127 143 164 28 0
88 45 5 22 12 160 93 154 10 102 8 168 38 162 0
41 118 107 96 86 45 165 76 146 0
22 15 26 29 34 5 96 0
96 56
28 96 0
93 28 59 80 0
96 76 74 0
53 93 0
61 52 53 0
96 82 0
83 96 0
83 95 60 0
74 69 63 0
24 79 96 0
31 3 96 0
31 11 0
61 20 72 0
27 28 0
56 11 90 0
30 84 15 20 90 0
60 5 75 0
61 55 25 88 76 86 0
35 81 31 0
29 50 84 0
70 88 0
70 6 0
23 88 62 0
33 28 1 0
35 94 80 0
25 37 20 0
57 27 91 0
61 47 42 21 0
96 2 0
61 7 18 19 0
23 64 22 87 0
1 89 43 0
29 45 92 83 57 9 0
65 86 68 53 0
34 60 0
59 36 91 0
12 82 0
87 14 49 23 44 26 89 0
63 38 70 68 0
37 58 0
51 2 0
10 64 83 0
65 77 0
66 22 45 0
58 17 40 41 0
71 36 24 0
65 4 19 0
48 17 32 41 0
67 16 27 0
27 73 0
39 33 85 74 0
71 46 0
72 13 73 0
27 78 0
91 7 54 0
62 12 8 0
163 23
12 58 116 128 85 13 163 62 66 161 48 64 52 106 65 46 136 33 0
41 161 123 43 10 124 26 147 151 0
55 88 136 29 110 138 0
130 127 36 94 104 26 73 67 160 4 103 136 83 43 6 0
96 84 28 30 4 148 137 36 101 25 0
22 49 51 74 161 17 61 91 0
157 1 104 156 153 109 21 91 0
128 133 126 7 18 82 106 101 54 66 2 23 0
69 120 111 127 118 108 54 16 37 113 129 23 51 115 149 0
139 108 88 31 1 15 16 144 32 72 77 154 30 61 81 46 44 0
117 8 19 147 114 83 153 56 132 86 92 0
143 82 101 34 64 11 75 114 157 3 125 109 0
60 147 63 74 50 57 92 0
95 56 40 59 88 141 0
70 99 162 84 14 147 20 146 135 65 0
145 90 45 116 35 158 15 118 131 155 80 14 33 5 0
105 24 20 111 38 159 27 91 117 156 42 131 139 87 102 129 0
146 152 120 121 124 89 14 98 52 0
69 9 12 150 36 68 79 107 0
76 97 152 21 93 148 2 78 0
140 137 94 25 134 138 81 71 142 18 39 161 122 126 0
87 100 63 122 75 133 119 136 0
47 119 22 100 53 80 59 130 6 154 112 0
36 32
27 11 34 0
17 11 0
17 13 0
17 14 0
30 27 0
13 35 20 0
11 23 0
27 18 0
18 32 0
9 17 0
25 11 0
1 11 0
17 33 0
11 2 0
9 15 0
5 32 0
1 7 0
25 19 0
22 32 0
5 29 0
16 20 0
7 12 0
15 36 0
26 22 0
10 30 35 0
3 23 0
14 21 0
24 14 0
26 8 4 0
14 31 34 0
6 2 0
28 10 0
214 16
126 57 119 21 136 117 154 160 139 102 26 101 46 28 183 0
143 91 190 61 35 160 90 76 180 70 196 55 168 148 21 179 5 137 156 39 211 0
111 124 23 49 52 67 106 167 213 18 188 35 212 101 73 165 173 7 94 51 0
195 145 144 1 23 32 192 38 36 17 214 171 84 101 137 167 193 205 169 37 0
146 98 207 131 127 164 202 160 133 51 145 165 81 132 77 12 121 33 0
201 80 79 206 69 99 210 162 209 182 204 130 123 62 97 67 0
10 159 150 89 106 152 148 48 114 135 19 8 116 146 202 60 83 81 160 199 41 126 107 0
26 72 87 18 27 3 5 194 2 185 191 43 213 88 47 149 104 114 0
158 42 163 103 110 142 7 37 27 68 101 63 82 157 187 108 109 24 175 0
94 115 9 186 66 111 201 36 42 166 162 77 138 189 121 103 24 157 30 15 151 0
117 47 14 200 140 13 184 206 153 67 46 9 172 56 70 83 31 0
3 29 208 161 4 116 64 140 153 6 74 96 8 166 56 44 40 122 0
85 58 134 86 19 22 100 54 69 135 15 66 6 159 73 136 132 92 60 109 178 59 16 0
75 84 174 45 79 101 129 93 203 87 150 113 76 11 25 170 108 50 105 147 211 55 118 0
125 120 14 130 71 78 30 155 53 197 48 149 168 177 176 85 198 158 61 153 128 134 181 0
105 20 142 91 120 89 101 65 64 112 1 119 22 141 34 90 95 0
167 41
93 9 72 14 39 0
9 21 70 116 25 88 0
53 163 70 34 162 52 69 0
27 19 142 93 148 0
18 70 82 85 94 141 154 81 128 98 0
19 35 90 105 110 0
104 53 31 80 122 2 42 0
123 42 147 107 61 105 131 113 51 46 165 0
166 17 67 9 88 0
115 37 166 73 140 0
137 5 149 90 0
148 41 92 85 26 129 161 57 142 0
33 112 19 135 144 94 164 0
71 62 114 42 55 0
102 155 77 80 158 114 13 100 0
134 137 33 64 15 0
161 37 54 26 11 157 58 65 79 0
93 51 146 99 41 0
36 83 82 152 67 136 66 11 0
24 26 0
47 109 24 97 106 0
150 63 149 78 44 23 47 0
2 119 129 138 29 16 85 0
155 96 117 68 50 49 72 0
38 3 89 84 32 60 33 0
130 120 4 158 70 164 0
159 73 71 7 83 106 0
74 91 120 49 43 128 100 153 63 121 0
11 1 95 56 50 96 0
13 85 10 38 111 22 146 103 78 0
4 92 87 23 98 156 120 35 0
91 28 99 64 147 40 167 87 0
117 6 139 101 0
11 133 118 30 74 8 110 86 79 0
48 143 15 30 127 69 118 0
36 145 132 47 39 21 3 0
18 40 59 126 108 124 0
12 45 28 76 70 160 0
56 125 75 58 0
145 20 160 0
151 107 93 54 60 0
78 42
78 9 38 32 10 0
10 7 0
70 38 43 53 0
27 39 37 53 0
62 38 72 0
37 55 0
60 47 45 2 55 0
21 53 0
69 23 72 0
2 75 74 7 49 0
65 33 72 0
25 65 1 0
8 72 16 0
72 51 40 0
52 63 24 45 37 0
60 47 4 0
21 66 0
49 56 4 0
78 42 17 54 55 0
14 51 11 0
17 25 31 67 0
41 28 25 0
59 71 24 0
18 53 0
6 39 74 0
68 74 0
74 58 36 0
7 1 34 0
20 7 0
3 33 66 57 70 0
58 4 12 11 0
67 47 35 0
22 16 0
26 24 0
46 50 51 29 3 0
76 15 54 61 35 0
30 77 50 0
73 65 13 0
44 55 71 0
19 6 75 52 0
50 48 64 0
5 73 51 0
184 49
12 161 119 3 0
122 6 40 148 161 0
148 33 149 0
117 95 68 119 118 34 74 0
36 148 40 60 116 0
97 103 80 61 92 161 106 0
2 96 97 176 0
164 166 33 90 184 0
127 90 108 5 0
143 45 112 119 14 0
66 125 81 118 174 21 0
55 152 87 97 0
119 56 59 111 62 71 121 0
116 173 89 73 78 13 101 0
133 24 148 39 0
22 162 90 0
38 72 91 116 170 101 0
159 90 58 79 171 136 144 0
91 131 27 64 20 0
3 39 173 135 20 51 151 160 0
136 175 183 92 69 0
99 69 49 157 102 0
48 167 137 115 90 156 31 0
100 7 96 105 52 69 75 179 0
141 73 148 178 50 19 0
172 30 154 84 66 0
151 46 2 8 107 169 62 155 68 0
11 20 52 0
150 66 104 50 0
157 70 93 124 170 21 0
83 22 147 155 142 57 7 180 9 80 0
139 109 18 28 34 133 0
67 37 59 184 0
10 46 100 153 133 110 0
126 85 70 66 84 113 63 0
182 93 29 35 49 0
72 152 90 120 53 0
163 102 178 134 32 157 41 23 0
44 48 130 33 0
165 42 47 148 67 23 0
145 156 130 128 123 26 94 54 0
79 136 181 94 0
1 93 82 76 15 153 0
55 6 169 132 175 168 17 86 69 0
176 88 160 13 138 4 56 25 0
146 29 16 183 158 0
140 28 161 0
154 43 114 129 168 65 98 51 0
143 95 77 19 179 177 0
97 26
77 59 82 30 25 49 62 0
34 23 95 15 90 49 37 0
8 49 22 28 36 33 0
22 61 57 46 94 68 0
7 66 22 96 53 88 0
48 22 25 87 0
49 51 71 67 0
76 66 40 33 0
10 68 85 61 16 21 79 47 41 0
80 81 9 66 24 0
42 80 89 53 19 0
32 17 66 7 13 0
93 55 79 30 49 56 39 0
64 18 26 61 86 0
27 58 36 16 43 5 15 0
77 29 74 69 19 31 14 0
60 3 50 22 0
41 91 1 84 55 5 0
38 46 39 2 52 66 45 0
10 26 78 44 6 2 15 0
6 12 92 32 90 0
70 38 42 75 96 0
70 54 57 45 63 97 0
84 4 83 58 47 72 13 0
35 20 85 56 28 65 69 80 97 0
21 60 4 94 73 48 86 14 11 0
158 8
106 119 40 158 114 110 43 61 14 99 97 109 148 48 6 131 100 46 74 95 133 52 42 124 82 126 24 75 60 107 0
57 154 115 109 70 85 83 5 56 18 118 76 39 110 116 45 152 32 148 65 120 111 27 90 150 113 112 156 157 52 3 105 15 92 43 0
55 79 29 153 88 113 4 137 53 12 139 150 142 3 126 25 154 92 108 20 132 5 76 71 11 73 10 149 72 123 146 30 85 0
11 121 143 55 114 144 85 78 156 54 80 101 131 117 134 1 103 152 118 157 138 62 61 155 89 8 140 136 23 9 141 96 29 137 122 98 27 0
98 38 65 142 81 60 51 35 106 149 74 12 32 25 2 33 62 77 24 43 39 10 53 94 49 68 111 93 0
34 141 87 64 28 108 151 102 145 66 82 132 33 31 67 101 133 158 147 63 59 86 96 41 83 80 36 124 88 91 2 140 35 84 0
129 147 144 8 51 130 44 138 78 22 28 99 16 81 37 7 50 128 107 85 30 31 90 121 91 77 47 0
145 119 123 125 26 94 155 127 17 153 143 122 9 69 38 41 45 19 40 13 21 135 37 75 134 104 58 84 120 0
176 76
137 85 68 66 0
85 118 44 168 0
107 95 168 0
71 68 34 0
13 62 146 34 0
61 90 34 0
112 85 27 31 0
107 82 156 126 0
68 157 0
166 123 135 112 168 0
17 127 99 31 0
76 111 33 120 31 0
24 65 83 111 0
25 12 135 0
43 102 68 9 149 156 0
11 107 126 45 0
31 115 26 0
55 146 161 45 0
44 37 127 0
68 92 0
16 31 40 102 48 0
38 110 62 0
68 139 174 0
19 168 10 22 0
86 39 9 4 162 36 0
106 36 152 138 168 174 0
92 117 0
78 149 55 53 19 132 0
132 89 105 0
131 159 40 0
111 133 176 0
130 136 37 32 0
145 153 67 135 0
84 3 105 0
134 55 125 73 0
45 3 52 77 0
91 87 72 127 150 0
62 2 4 140 0
122 103 159 0
49 64 10 0
111 97 0
20 164 46 62 0
39 101 143 68 0
59 158 121 82 29 0
124 96 56 157 162 0
176 5 106 0
170 168 0
68 7 0
15 144 42 135 155 0
79 166 157 0
7 63 175 57 0
64 119 0
43 80 38 0
93 48 168 0
18 119 74 0
104 33 84 0
77 70 0
21 123 1 141 109 92 0
7 150 6 0
81 80 0
159 50 0
129 173 141 0
142 85 60 0
13 83 113 0
169 32 114 0
28 8 128 104 75 0
167 40 163 108 0
148 26 160 100 69 0
136 159 88 0
35 94 54 73 0
165 51 14 98 37 0
58 41 168 0
171 63 47 0
147 129 30 0
172 151 141 116 0
23 154 63 0
103 8
40 66 37 39 24 8 34 100 19 93 46 53 57 5 0
60 90 59 32 82 98 27 103 25 50 69 67 45 53 71 20 79 96 55 0
92 77 41 17 76 79 14 54 42 101 65 23 26 99 11 100 81 0
16 69 82 81 7 84 10 63 62 58 31 38 29 3 61 37 20 57 43 0
45 9 85 47 58 89 88 72 4 26 87 71 99 68 2 33 34 94 60 41 0
52 30 70 102 65 103 6 64 12 54 2 13 97 4 87 11 49 35 9 48 80 0
88 83 51 56 89 73 92 85 74 36 21 3 41 91 1 19 75 49 28 86 59 0
38 56 32 51 28 78 44 22 23 18 15 33 93 16 12 95 0
75 29
2 65 63 19 39 0
4 24 58 22 39 0
25 63 45 0
27 34 39 0
63 48 51 62 0
74 45 38 9 49 70 0
2 35 53 54 45 0
15 60 63 0
24 69 18 0
34 11 1 36 0
31 67 21 45 0
12 25 26 14 70 47 71 15 0
11 5 0
73 30 35 33 23 0
41 6 40 15 0
1 4 17 21 7 43 0
61 63 57 36 20 0
8 45 55 42 0
60 57 67 40 30 56 7 0
66 11 52 33 65 38 0
26 28 66 50 27 10 44 42 0
3 62 64 20 72 0
56 16 0
13 35 68 53 23 58 0
54 44 16 59 0
32 47 52 0
14 61 37 0
75 48 24 51 0
24 29 46 17 8 0
167 80
78 14 99 0
49 39 52 14 0
83 49 0
99 101 54 0
83 69 0
101 31 43 0
125 101 103 97 0
5 166 83 0
14 162 0
139 83 4 20 0
76 114 22 43 0
14 94 81 148 0
26 43 163 0
150 132 163 0
106 69 0
140 49 16 0
50 27 16 0
130 122 83 0
132 109 35 118 4 61 0
49 151 21 82 0
129 50 37 0
14 66 56 0
2 95 16 26 0
80 156 99 0
36 109 0
119 80 0
109 145 0
90 16 141 0
166 117 107 0
132 48 0
23 48 126 146 135 92 0
161 165 49 0
139 150 71 0
113 73 163 0
33 158 130 0
127 143 19 71 0
75 149 13 114 0
21 162 124 0
138 162 27 153 45 1 40 0
42 18 149 20 0
152 107 66 60 0
109 44 0
141 137 164 30 0
5 53 104 166 0
41 99 0
113 133 0
99 8 12 0
7 114 62 0
87 6 85 97 148 0
102 31 141 9 0
114 11 160 0
110 10 144 149 0
70 130 0
2 32 0
134 25 84 19 37 0
101 142 111 0
128 149 112 0
74 69 51 131 57 0
165 91 0
38 28 110 2 0
44 24 0
119 98 0
59 3 25 11 0
58 32 63 0
6 116 111 34 0
136 147 65 96 106 46 115 0
17 89 130 0
155 64 157 57 72 0
3 86 0
120 72 0
125 121 79 111 0
10 67 0
105 29 43 167 0
47 132 0
77 15 18 93 0
114 88 144 0
68 28 100 72 159 0
151 90 149 108 55 0
123 32 0
106 154 0
97 13
52 1 16 17 11 35 78 61 88 62 3 25 19 46 21 0
19 93 54 89 72 26 3 39 9 24 20 86 66 74 2 43 76 48 0
13 5 92 61 41 8 81 44 70 51 4 0
58 82 91 48 77 52 54 31 2 63 38 64 57 33 61 21 0
12 37 5 7 75 82 49 71 79 93 51 26 96 30 0
44 22 41 69 29 95 45 59 66 26 0
61 42 46 18 36 45 0
43 56 90 24 67 42 14 57 80 0
47 56 42 53 50 13 84 73 59 0
50 69 53 64 32 74 78 85 39 10 15 55 47 79 0
97 72 49 85 83 89 23 37 15 77 10 88 27 4 68 91 0
65 67 35 75 81 11 34 16 60 25 0
17 63 40 80 92 60 6 28 87 94 95 8 0
56 53
47 55 0
16 47 0
16 37 0
55 31 0
47 13 0
55 24 0
16 48 0
48 50 0
21 48 0
5 24 0
50 56 0
40 56 0
42 15 56 0
53 5 0
50 36 0
27 21 0
27 30 0
9 27 0
23 16 0
1 56 0
17 42 0
21 7 0
30 35 0
20 40 0
34 27 0
21 49 0
47 19 0
29 30 0
1 18 0
41 49 0
56 44 0
30 2 0
6 20 0
11 40 0
33 17 0
48 38 0
27 54 0
55 28 0
4 23 0
51 36 0
26 50 46 0
19 12 0
43 42 0
19 22 0
39 38 0
14 37 0
30 10 0
47 52 15 0
41 8 0
19 32 0
25 7 0
42 3 0
45 13 0
247 58
99 209 29 16 52 49 48 0
52 119 63 40 0
100 16 111 190 0
128 36 238 16 39 172 203 0
100 207 137 188 0
161 179 189 22 106 100 0
98 100 225 85 83 26 0
13 100 0
202 235 16 208 94 8 151 187 116 37 0
104 40 226 168 0
169 191 80 25 173 233 217 168 220 0
83 150 19 47 158 89 247 245 0
240 195 151 0
17 195 28 212 50 90 242 0
222 218 59 52 22 0
214 33 189 182 193 95 45 0
154 168 236 19 129 246 0
100 159 87 62 42 41 133 0
210 174 45 55 0
44 137 221 162 201 0
6 130 183 61 97 120 242 9 0
170 15 228 63 113 53 78 222 0
59 83 31 221 0
112 198 40 199 131 82 157 21 0
52 230 73 219 144 194 140 71 93 101 0
86 31 171 46 118 146 243 229 0
57 205 81 38 244 37 177 45 193 0
242 136 107 233 73 79 0
148 168 36 103 223 0
45 117 109 185 121 3 0
166 230 18 34 237 143 0
71 180 45 74 132 206 0
186 149 152 9 0
228 68 153 137 0
29 83 125 0
62 173 75 176 196 68 207 1 141 0
115 200 129 12 78 91 0
234 15 164 30 67 197 147 0
56 160 176 35 0
209 77 100 232 0
18 20 96 145 135 51 84 0
241 7 18 0
175 103 32 41 0
219 76 26 53 224 222 33 0
230 92 216 66 211 192 4 48 0
72 138 2 213 174 58 69 88 0
142 102 197 35 181 0
18 24 239 122 64 11 8 0
55 110 231 203 108 186 178 215 227 43 0
205 21 114 6 89 0
165 27 69 7 87 0
134 123 61 155 139 124 229 23 0
184 163 13 0
234 65 0
34 17 60 31 38 0
70 5 39 126 16 64 0
167 4 204 127 76 54 0
10 14 156 163 105 58 0
82 47
51 80 0
51 75 0
51 58 0
58 35 0
82 27 35 0
7 75 29 60 0
50 42 13 58 0
21 75 18 62 0
17 14 80 0
4 39 79 51 0
37 12 66 80 0
51 2 0
9 47 66 0
21 1 45 75 0
59 50 23 29 0
80 20 0
2 43 37 0
60 30 66 0
71 16 68 42 0
57 20 0
18 26 0
55 57 0
65 17 69 53 5 0
43 19 0
13 51 67 0
14 47 15 0
38 8 75 0
19 6 0
41 18 34 0
82 76 0
52 42 0
69 64 31 73 0
44 82 48 0
51 56 10 0
24 74 81 23 0
35 36 38 40 7 0
72 48 63 0
75 78 0
4 61 31 28 15 0
33 44 8 0
53 59 3 18 49 0
35 25 11 0
75 54 0
27 77 80 40 0
51 70 46 0
22 71 25 0
32 67 0
264 78
88 103 219 189 55 0
27 226 103 14 243 32 92 77 0
119 2 103 247 148 94 0
42 140 92 44 0
103 258 110 235 23 0
262 30 42 128 155 0
52 42 0
219 68 18 0
82 237 177 133 128 135 0
52 194 96 0
83 113 92 45 131 28 116 0
177 264 99 0
111 103 144 0
26 260 52 79 38 175 10 60 0
246 10 39 118 240 206 0
101 194 156 242 0
177 187 90 184 0
80 24 125 156 0
76 52 169 0
228 219 193 245 236 0
192 139 14 52 61 97 182 224 238 0
209 71 126 138 125 185 0
13 92 0
197 239 235 22 0
240 26 124 253 172 0
29 186 18 177 150 0
234 91 130 156 1 0
235 15 211 35 171 0
16 235 7 66 243 0
128 75 114 181 254 34 53 51 0
95 29 194 164 38 0
218 100 83 162 0
256 219 191 33 149 0
142 63 205 235 220 173 224 0
219 27 158 190 5 221 0
83 146 0
111 58 170 46 201 0
257 102 65 16 0
19 171 207 117 227 0
229 23 86 124 49 0
13 232 154 106 0
252 94 31 0
203 163 24 33 215 179 0
204 186 255 0
40 124 62 0
45 198 17 37 63 8 0
35 123 158 121 195 122 0
136 41 111 0
34 183 68 166 87 0
177 199 120 0
6 47 121 188 249 127 231 0
124 73 213 0
141 74 22 0
12 259 58 0
108 121 21 39 248 48 70 0
161 109 194 208 0
214 134 259 152 0
85 171 0
251 261 92 0
225 43 115 22 0
8 59 9 84 0
250 15 89 125 0
210 202 146 222 20 69 0
107 40 9 233 0
112 151 73 36 168 196 0
32 240 143 178 0
120 129 223 0
106 212 78 0
250 230 64 25 176 0
106 174 81 180 11 0
165 67 164 54 0
167 157 217 244 3 98 194 46 0
241 56 145 132 137 4 22 93 0
153 158 0
57 216 193 250 0
61 220 6 159 0
147 200 102 105 72 263 0
160 50 219 104 0
112 57
3 54 0
54 104 0
40 3 0
54 23 0
46 40 84 0
107 73 3 81 5 0
7 9 3 0
84 76 83 53 0
77 3 69 33 47 21 0
23 92 32 50 0
73 42 0
101 15 29 78 23 0
103 69 101 63 82 0
50 10 68 0
28 66 73 0
63 110 18 0
78 7 41 0
23 55 112 0
73 13 0
45 28 30 0
61 3 89 0
80 3 64 0
8 48 11 112 0
99 40 0
44 89 47 85 0
1 42 72 38 81 32 0
98 54 72 25 0
102 71 104 0
47 29 93 0
21 17 109 46 10 0
27 104 0
93 75 60 34 0
100 85 0
94 38 0
4 90 48 0
90 56 3 35 0
59 87 30 0
110 106 87 57 45 0
9 68 108 112 11 0
49 83 52 61 0
54 75 12 20 0
19 56 58 106 38 0
52 43 2 38 0
2 97 0
93 15 22 102 0
95 110 24 0
86 24 51 92 19 0
93 26 17 0
93 111 0
96 67 88 85 6 0
65 26 44 0
34 31 5 0
4 36 16 105 37 0
74 14 62 40 0
91 109 0
93 70 39 0
3 79 0
86 24
42 58 66 45 0
19 52 66 0
51 44 14 40 21 66 0
41 4 62 14 30 23 47 38 0
48 82 25 52 53 0
44 39 84 66 21 61 80 0
2 5 24 45 58 16 0
66 10 0
29 1 43 66 57 85 0
16 85 66 37 0
38 14 69 77 50 39 0
70 14 32 6 0
72 62 64 37 56 0
78 54 81 7 22 26 48 32 20 47 0
9 48 12 46 76 59 34 0
3 31 68 77 33 29 0
59 17 83 12 66 46 18 79 0
2 27 10 60 5 63 0
36 13 66 50 67 64 1 54 0
74 14 86 49 0
27 15 17 73 8 0
30 63 72 55 28 34 57 35 0
8 60 53 70 75 40 0
52 71 11 42 65 13 0
266 90
97 194 0
213 266 194 217 0
194 95 93 198 37 70 120 0
213 6 98 0
84 126 97 0
103 138 30 241 97 0
94 6 245 0
103 150 157 0
213 256 212 0
156 202 84 0
2 165 72 65 213 164 0
112 227 194 149 0
127 191 227 0
15 97 83 38 228 92 115 128 0
209 108 115 248 0
8 227 182 0
180 124 104 72 148 190 0
243 72 187 0
122 103 261 25 0
185 201 140 146 150 0
209 254 0
37 75 0
189 183 182 0
53 50 136 240 37 0
204 227 56 90 89 51 161 0
219 81 109 25 0
44 125 242 150 20 0
171 199 25 0
99 17 34 187 0
52 115 54 0
139 245 0
173 254 0
245 246 0
222 202 239 177 235 102 0
113 52 59 77 131 0
117 230 182 0
257 78 86 40 244 169 230 0
142 71 27 173 0
246 214 162 183 203 88 179 85 0
23 62 84 0
176 118 181 141 173 207 0
58 123 227 48 41 0
36 100 75 0
173 133 223 0
69 245 154 0
197 56 172 0
60 145 202 110 234 0
256 191 225 0
210 229 259 199 0
79 37 0
134 231 80 159 75 0
11 135 52 13 258 0
199 264 42 174 0
173 31 74 0
47 15 256 262 0
16 79 252 87 0
66 35 160 199 247 28 43 147 0
88 196 195 0
256 163 14 224 0
250 259 221 175 0
5 205 254 0
188 167 88 82 116 46 0
17 211 63 199 206 0
119 153 64 21 218 103 0
137 196 233 0
121 110 170 22 178 0
37 49 226 0
68 3 255 199 263 0
111 249 63 0
132 139 0
32 227 261 101 208 0
19 232 209 0
155 262 168 0
192 46 220 105 0
249 11 26 107 238 200 0
186 61 173 55 207 0
106 236 10 67 13 19 96 0
249 45 0
251 39 215 110 0
253 144 225 129 73 33 0
12 194 29 0
184 151 189 158 0
189 91 0
262 166 260 76 237 0
57 193 9 152 158 0
18 216 4 208 41 0
45 24 0
265 231 7 0
41 130 1 0
143 114 259 0
28 9
1 8 0
15 12 25 1 11 13 0
22 24 2 6 1 18 25 0
8 16 7 0
5 10 19 27 16 23 0
4 5 28 15 0
20 28 12 21 10 7 24 0
9 11 14 17 22 1 0
3 18 19 26 0
139 14
76 28 60 99 121 107 72 94 44 36 105 0
44 100 51 47 129 110 41 123 79 116 52 125 0
56 113 131 114 66 85 92 5 70 19 93 38 44 0
133 41 23 24 111 69 134 54 31 63 1 94 87 136 11 112 12 13 137 0
48 30 2 106 127 64 44 96 18 73 16 82 59 95 63 0
61 49 106 75 90 138 3 20 33 39 134 50 86 0
68 15 37 46 136 89 27 22 137 127 45 110 75 42 78 132 58 62 0
60 46 111 38 64 10 112 71 99 58 135 104 74 55 108 107 43 101 29 11 0
54 117 119 88 115 84 65 77 40 22 135 8 25 100 87 58 92 102 67 0
43 125 34 25 12 57 50 32 118 53 86 120 29 95 0
83 79 26 81 52 124 12 68 121 61 7 90 21 122 139 1 37 93 0
2 75 69 133 4 130 114 97 109 128 9 6 18 32 0
98 45 17 89 35 119 81 55 102 91 7 42 0
14 5 10 123 113 16 30 116 26 103 126 80 74 0
21 6
13 15 16 4 14 0
17 2 12 16 3 0
19 2 3 7 12 1 0
10 21 5 8 2 0
1 11 21 20 10 14 9 0
8 19 2 6 18 15 17 0
254 55
140 247 8 41 196 22 55 0
247 150 200 181 9 209 0
247 145 84 54 144 117 87 0
247 241 3 164 183 191 0
170 64 108 62 137 55 0
244 181 71 110 79 0
224 181 77 192 22 0
192 237 208 123 131 12 96 245 0
204 203 34 55 107 32 159 0
106 79 152 230 0
56 55 2 177 220 72 0
220 11 24 142 202 29 148 207 63 0
183 73 27 18 0
175 221 134 48 228 55 121 86 24 120 0
82 157 230 129 250 108 13 21 67 203 0
220 173 135 166 221 0
219 151 33 88 108 114 153 238 0
242 160 198 76 108 68 94 0
18 69 19 135 155 205 146 252 0
132 184 108 0
216 192 13 59 56 143 43 0
252 64 10 72 168 217 39 0
225 218 124 252 36 0
50 207 41 17 154 126 178 27 233 0
222 220 83 21 90 185 0
42 65 220 67 118 105 78 231 45 0
167 207 161 136 180 253 0
109 52 49 154 11 182 0
116 84 232 234 215 10 0
15 58 249 104 57 210 147 206 80 174 207 0
37 26 254 102 135 0
162 19 243 165 109 0
195 179 59 0
215 88 240 141 91 99 189 0
235 68 162 130 111 85 0
223 9 199 236 159 171 51 163 0
101 95 108 61 30 226 0
159 194 7 253 23 158 0
14 207 214 139 89 39 248 0
113 128 187 122 245 12 0
201 183 7 133 97 219 98 138 212 0
152 60 1 125 40 0
69 184 74 70 4 0
92 104 115 0
213 66 227 53 62 240 100 23 0
211 119 169 201 93 193 73 0
135 25 127 176 87 0
207 149 93 16 0
239 28 220 112 76 42 17 20 0
47 94 103 59 229 38 6 0
197 202 84 186 46 190 5 6 0
235 246 172 251 82 0
188 104 63 81 0
75 3 233 79 44 31 0
16 35 156 80 83 134 0
204 5
187 152 27 2 91 107 185 8 97 184 135 88 127 171 174 104 33 132 87 102 199 89 28 183 42 163 73 109 92 1 133 58 55 193 201 190 45 143 41 128 16 72 63 59 131 141 75 134 139 96 170 204 188 51 99 145 78 182 14 15 19 86 20 194 124 0
56 58 112 128 142 132 80 23 25 135 105 75 60 153 2 201 169 64 30 37 160 118 178 141 29 138 182 155 68 115 139 191 18 43 47 82 7 44 41 96 100 86 104 98 35 150 10 93 197 129 84 24 53 5 171 108 95 167 40 190 19 0
22 129 133 52 156 8 12 21 13 84 136 152 120 102 36 29 101 76 6 31 98 85 131 80 17 3 184 145 9 143 150 32 177 163 149 126 192 103 168 90 65 53 117 110 159 95 151 144 148 44 66 164 0
21 94 37 49 18 203 140 121 22 109 92 7 127 97 26 179 71 123 48 161 117 50 154 81 39 186 105 38 54 23 101 166 162 113 187 68 138 115 62 32 173 67 168 111 159 146 107 199 89 13 5 183 188 34 176 197 16 175 61 157 59 83 137 77 194 112 43 195 0
162 91 181 119 4 65 110 169 81 125 165 114 51 69 193 62 137 64 174 196 90 147 70 74 25 79 180 130 155 17 30 6 93 46 94 10 198 49 71 172 189 57 11 106 200 77 116 40 202 142 158 144 122 108 0
88 25
30 17 63 38 66 18 16 47 55 46 0
16 49 17 87 44 34 67 10 0
72 17 9 12 0
50 75 34 53 32 60 43 0
84 87 66 33 75 37 0
73 1 29 12 44 0
86 27 40 34 11 0
12 50 47 80 82 43 46 26 56 0
36 28 76 86 38 0
70 60 3 86 36 0
1 62 5 31 80 45 0
12 21 15 0
9 61 18 11 56 1 0
8 23 55 52 58 30 0
77 82 65 0
59 86 64 48 77 21 27 4 0
42 81 82 71 0
57 41 12 76 0
3 2 72 54 0
29 6 35 74 83 82 85 20 0
79 52 78 69 8 39 68 49 0
51 25 83 88 64 19 48 5 39 22 0
54 35 24 45 13 10 0
12 70 25 7 81 0
84 63 68 14 19 67 17 0
267 91
9 250 17 0
17 257 213 0
56 222 245 250 0
77 43 183 55 87 17 0
114 245 66 0
213 261 220 6 231 52 0
89 213 98 0
69 17 0
32 250 139 218 173 0
41 17 79 193 0
97 245 194 1 249 123 235 0
225 213 155 256 248 0
207 125 250 34 0
177 182 69 0
42 253 133 207 237 0
79 96 84 0
4 160 248 11 0
159 12 253 232 247 0
152 129 53 91 3 248 0
95 77 72 37 0
91 23 208 101 61 0
161 254 159 93 135 255 74 0
148 130 121 253 206 11 215 0
91 24 0
33 82 148 0
74 170 19 0
176 23 0
79 195 103 0
258 250 219 230 156 54 0
191 10 143 195 210 197 0
145 173 224 119 0
265 17 138 204 92 0
180 27 23 0
176 15 242 0
79 252 111 0
48 29 124 66 0
201 64 160 266 0
240 48 75 217 154 26 117 0
46 62 176 251 0
209 128 38 173 0
195 10 153 187 0
176 7 0
91 104 169 0
146 179 245 0
183 228 77 223 192 0
216 165 245 100 0
264 267 58 194 137 0
160 39 28 2 241 0
149 151 195 47 0
236 172 245 107 0
171 136 116 9 99 177 16 0
108 250 263 260 157 0
81 5 214 134 160 0
127 213 18 0
23 20 59 22 86 0
94 18 63 109 0
153 174 0
40 198 210 88 73 0
147 205 140 132 195 0
77 193 262 0
159 185 0
31 91 50 0
44 51 259 185 76 0
258 85 186 203 0
165 229 0
48 238 0
115 131 145 0
185 141 0
78 91 21 0
229 239 90 178 13 0
195 175 196 0
151 226 71 0
98 122 70 0
190 163 184 168 68 67 174 0
118 83 179 150 0
162 227 167 229 112 233 0
25 140 166 234 0
158 188 21 106 0
220 14 0
80 164 77 244 36 0
243 211 16 12 154 189 0
110 144 246 142 21 102 0
126 49 201 113 0
160 60 30 199 0
159 57 45 0
181 228 6 8 0
91 202 0
212 120 239 0
210 105 0
221 164 35 0
65 212 200 0
127 34
68 51 39 31 13 101 119 0
94 39 14 82 33 105 73 0
33 99 41 0
118 36 74 30 59 2 33 26 27 115 0
33 98 110 0
1 29 98 71 79 75 0
22 101 125 40 110 89 0
50 53 101 125 54 124 0
18 66 99 49 38 108 0
49 104 18 0
62 39 109 103 0
92 78 122 84 50 6 24 0
62 55 112 61 93 38 18 96 95 0
115 117 113 83 21 77 4 0
92 102 0
76 61 23 58 92 64 79 0
78 104 57 88 106 111 19 90 0
118 19 87 2 120 115 3 0
115 71 44 56 86 0
4 65 97 114 28 25 29 113 51 81 0
33 34 59 100 0
21 8 105 50 0
37 17 91 122 16 92 67 126 85 0
82 63 52 45 89 58 43 0
16 33 5 31 53 47 0
76 94 80 68 0
116 113 107 72 0
15 56 74 86 34 69 0
76 48 65 46 117 0
121 42 93 9 63 12 17 46 22 0
96 106 113 11 7 20 0
15 5 35 6 46 60 114 0
88 81 108 70 40 87 123 127 0
14 1 54 32 77 90 126 10 47 41 0
232 41
24 168 131 182 22 149 42 81 208 0
54 97 27 227 11 80 25 131 57 0
79 23 52 226 131 206 90 85 0
130 201 197 86 74 33 178 206 207 115 0
11 146 112 214 28 182 21 121 171 158 0
228 93 30 89 230 219 115 0
224 215 92 113 163 68 1 131 160 0
3 46 42 232 61 115 144 0
182 77 81 153 71 96 0
193 52 151 16 96 229 77 0
123 159 25 120 102 0
76 167 203 17 82 191 199 6 115 109 100 28 0
76 170 67 184 55 110 189 155 213 228 173 126 0
46 203 108 91 32 132 162 14 66 0
186 60 48 54 131 55 218 51 0
183 221 59 166 140 127 131 219 214 95 205 67 107 0
34 181 65 68 111 90 145 211 0
37 118 225 22 224 206 0
58 45 220 150 198 95 156 0
17 210 40 27 9 154 0
105 194 9 164 58 72 32 103 12 0
43 176 31 69 78 63 44 173 4 84 0
196 14 2 10 0
70 17 97 35 10 98 0
181 16 212 122 65 5 0
129 173 50 128 177 209 190 112 0
204 196 133 103 0
44 134 137 50 0
108 195 165 8 49 147 86 43 29 46 0
50 223 192 3 60 88 99 222 169 124 94 0
179 216 172 68 47 0
197 66 115 116 87 138 114 0
215 216 142 200 35 20 148 39 143 113 38 0
56 175 37 40 125 157 161 64 152 85 180 0
101 106 185 137 119 64 73 98 0
26 188 136 34 100 68 231 15 62 0
51 45 7 41 117 6 19 141 0
69 18 102 222 114 135 225 110 0
83 102 202 56 84 12 0
36 53 217 13 26 174 104 210 93 0
104 78 75 187 208 92 139 229 0
83 69
18 20 0
18 81 0
74 81 0
44 74 0
18 43 0
43 12 73 0
31 74 0
35 18 0
81 47 0
25 2 20 0
44 3 0
52 20 0
31 69 0
3 28 0
15 44 0
70 74 0
79 44 0
47 30 0
48 7 3 24 0
23 31 0
83 20 0
11 38 61 3 0
37 43 0
20 39 0
78 28 0
60 55 12 42 0
80 68 23 0
82 69 0
73 60 14 0
17 39 38 0
43 51 0
54 39 0
63 51 0
13 83 0
61 9 20 0
43 77 0
14 66 55 0
8 4 74 0
64 69 0
34 11 0
33 54 0
15 5 0
33 58 0
65 44 0
57 77 0
82 29 0
7 31 62 0
1 60 4 0
78 71 0
50 5 0
14 41 0
19 79 0
57 45 0
47 40 0
10 34 32 0
75 1 0
29 76 0
46 76 53 0
6 50 0
64 49 0
76 27 0
20 36 42 0
16 72 60 24 0
26 62 0
59 13 0
16 56 51 0
33 21 0
22 28 0
67 34 0
132 66
129 89 0
129 75 0
129 98 0
89 103 0
40 38 129 114 113 4 0
91 31 129 0
39 113 0
34 85 89 41 0
39 70 107 115 122 117 0
86 39 80 126 119 0
35 86 46 93 85 0
31 130 0
45 14 77 126 114 57 0
31 102 68 0
113 131 0
125 129 0
123 111 46 26 0
92 16 68 0
97 33 89 27 0
102 63 33 91 60 0
16 88 0
67 16 94 0
48 98 47 0
18 94 67 0
109 17 14 0
9 44 103 29 11 0
44 103 76 0
126 121 51 0
85 25 10 64 0
19 32 46 0
29 90 83 0
85 106 49 32 0
59 17 57 0
72 101 51 62 0
28 88 0
73 19 83 96 0
22 56 90 0
18 80 110 116 0
95 9 47 0
18 100 69 107 58 0
85 54 21 58 0
51 45 124 0
51 121 127 0
20 54 55 97 0
118 129 0
78 104 47 42 0
41 51 7 122 0
52 50 12 49 0
15 5 37 52 51 72 0
29 36 0
8 35 6 115 0
13 8 55 0
43 65 120 34 49 0
71 74 126 61 0
131 105 0
125 21 84 0
61 82 120 108 0
1 93 130 0
112 6 95 0
79 47 65 0
7 23 0
2 124 81 92 132 0
4 128 3 73 0
118 53 24 30 66 42 0
99 116 110 0
50 87 63 0
236 98
33 142 0
155 33 16 0
58 36 155 172 0
90 155 105 0
29 155 147 48 0
142 98 44 0
68 86 90 0
59 32 233 142 0
96 73 33 0
188 207 170 33 0
79 188 205 0
61 219 33 0
58 104 161 0
61 196 112 0
115 11 27 205 0
52 233 0
58 143 224 210 0
91 41 83 61 0
196 199 171 53 0
30 75 35 232 96 117 0
133 98 0
205 57 234 102 135 0
135 60 0
48 163 206 56 0
150 133 3 0
23 185 150 0
221 90 0
52 21 187 0
196 15 12 28 0
218 60 3 111 151 228 0
81 115 0
110 196 0
51 200 22 115 0
55 131 186 90 0
132 115 0
135 165 6 80 87 0
160 214 115 203 0
93 15 54 0
148 133 85 0
135 84 177 208 63 9 0
129 193 132 0
155 178 0
181 26 60 138 0
45 191 62 205 113 101 10 0
149 187 0
127 74 81 159 0
230 72 142 0
195 20 14 133 0
205 201 145 153 225 0
167 72 173 204 46 0
156 216 200 197 0
235 155 0
135 99 0
224 64 66 0
184 95 138 0
183 120 151 0
216 179 222 88 236 0
126 95 166 0
43 89 72 24 0
8 189 78 178 0
209 215 110 134 0
131 71 0
221 119 0
19 146 90 0
226 121 233 0
100 91 136 37 0
98 130 0
42 19 106 220 211 67 0
164 198 167 213 168 202 0
212 65 54 0
66 182 175 0
217 54 0
5 91 0
157 47 19 0
116 103 94 98 0
209 229 0
77 142 174 190 0
141 69 176 193 0
19 158 49 0
34 137 13 110 0
2 227 196 0
194 72 154 0
192 109 38 226 144 0
50 138 123 0
152 72 118 0
20 31 140 0
223 115 0
18 76 124 132 0
1 65 0
82 139 65 70 108 0
72 125 40 0
151 7 162 114 180 0
231 178 0
97 4 126 25 169 0
15 107 0
71 17 0
54 128 0
39 122 217 92 0
161 52
90 132 121 158 0
132 2 7 78 131 114 0
44 90 17 138 69 0
90 35 124 0
138 118 135 38 3 0
150 104 2 0
157 2 59 57 103 0
104 41 75 83 76 134 0
62 145 59 106 124 51 50 61 0
107 154 83 96 0
42 11 38 81 161 0
9 38 93 47 117 125 60 0
127 45 36 154 155 0
8 74 154 29 0
124 80 131 82 0
20 100 116 141 124 0
61 148 38 0
40 58 69 149 42 140 0
141 90 66 18 55 0
133 48 132 126 0
154 120 79 9 53 133 0
80 142 85 72 128 66 0
15 74 24 154 10 0
88 72 101 89 22 0
161 20 77 126 31 144 70 0
147 73 104 0
129 153 12 111 27 72 82 0
52 76 158 28 58 0
18 108 29 0
80 123 114 105 95 26 0
12 136 160 90 49 39 24 0
20 146 71 3 46 14 6 30 0
71 56 19 83 78 0
135 90 91 102 23 0
4 157 68 23 1 0
121 67 120 0
87 5 48 0
113 119 67 0
35 25 80 63 152 0
13 54 108 136 0
160 48 37 110 84 16 0
21 32 42 97 115 0
111 139 94 127 0
98 122 86 48 92 0
73 64 39 65 0
34 83 0
99 46 143 0
117 84 154 140 13 77 33 130 0
85 155 83 137 49 43 60 11 0
64 109 6 33 55 151 138 0
51 112 36 27 108 156 0
159 26 90 0
209 49
168 130 163 54 78 37 27 0
126 153 28 168 143 77 34 0
87 24 108 136 118 83 130 0
104 162 1 130 164 70 0
115 4 147 162 26 0
147 139 203 0
108 29 96 192 84 0
47 35 203 43 39 0
171 64 130 154 133 191 141 48 92 55 176 0
187 43 183 67 29 166 162 77 31 0
26 24 3 162 52 66 0
47 159 61 82 54 0
14 6 57 22 159 10 132 0
150 74 9 19 207 119 73 46 47 0
47 194 160 208 95 85 0
129 177 13 162 144 0
86 169 75 47 188 122 0
168 112 201 198 0
81 138 42 52 203 22 121 196 202 0
89 90 58 47 0
180 89 151 110 111 0
146 31 89 45 189 2 0
16 69 158 91 80 162 201 0
76 61 187 197 169 182 75 34 178 135 172 0
147 128 148 106 209 0
111 5 4 109 107 0
195 147 149 101 189 53 41 0
56 131 140 17 123 120 130 99 94 0
73 108 170 12 59 63 97 0
13 206 116 65 30 144 0
103 86 21 25 200 143 0
177 17 33 18 167 162 35 0
190 20 60 168 0
65 18 8 166 72 0
193 156 137 2 130 0
166 125 36 5 175 157 0
88 142 45 114 93 0
199 166 38 28 179 161 145 0
204 78 96 175 7 0
174 105 46 74 15 87 21 127 39 88 50 0
102 167 37 152 0
68 188 15 23 11 42 159 98 165 51 0
71 91 60 205 0
155 113 100 14 79 53 0
64 185 3 40 0
62 49 163 173 161 44 0
178 41 25 186 184 89 117 192 0
161 32 0
92 23 44 134 124 19 181 143 0
148 58
94 22 0
76 77 26 22 0
38 94 60 40 0
71 94 47 0
92 67 47 108 80 27 0
26 34 94 65 0
49 47 101 141 0
94 6 57 0
57 139 99 31 0
139 48 5 135 37 0
14 12 43 29 22 0
47 71 146 59 134 0
10 57 92 0
101 141 104 44 0
43 123 68 103 143 0
42 79 44 0
23 85 103 1 78 0
65 17 128 93 28 0
125 8 78 0
91 130 81 42 138 8 0
16 10 0
100 136 62 60 0
63 43 129 37 0
53 121 80 147 132 0
77 133 0
14 147 140 120 0
58 86 75 147 0
94 50 107 0
72 65 0
105 73 106 19 24 47 41 0
45 93 121 122 0
18 57 33 111 3 0
53 117 97 109 57 0
23 4 110 35 54 33 60 0
126 86 117 111 9 103 0
135 124 80 51 46 25 70 0
50 2 104 0
142 114 80 0
85 146 83 119 0
5 34 102 0
89 8 96 64 87 0
28 77 55 29 39 0
44 75 115 0
78 74 0
2 113 98 88 0
113 145 50 68 136 0
31 57 21 52 0
36 32 27 58 110 0
127 144 93 0
30 74 118 95 13 0
112 139 100 140 0
11 7 96 0
116 20 15 22 0
58 84 67 69 148 90 142 0
7 61 107 137 124 0
43 81 6 82 11 137 0
91 17 131 99 79 0
102 56 66 0
266 69
176 192 227 0
227 123 0
192 209 2 57 185 28 0
235 74 123 105 0
231 51 23 137 192 0
131 200 46 34 227 42 250 129 0
44 224 248 74 139 0
162 123 218 159 104 0
9 241 227 166 0
24 56 104 201 153 47 71 63 147 0
99 173 150 48 129 23 54 111 5 0
175 165 137 25 102 221 0
183 15 137 11 0
217 228 43 161 74 207 0
227 95 145 89 0
20 189 104 208 220 160 225 0
113 199 243 104 142 0
198 200 207 211 0
167 17 95 86 91 214 223 0
28 110 0
264 37 240 205 116 210 166 146 0
132 11 26 220 136 88 219 72 0
64 41 169 16 110 0
49 20 222 0
3 179 4 63 67 64 168 14 158 0
35 19 52 206 95 0
123 109 85 0
45 124 11 117 184 257 0
104 33 40 6 101 242 0
8 246 228 21 188 44 9 0
59 68 213 41 39 57 98 64 253 80 0
207 31 59 215 0
36 247 245 142 0
5 14 52 138 82 265 209 0
5 182 251 0
110 31 36 84 125 0
107 60 82 26 127 232 180 0
249 62 28 177 135 0
38 65 203 135 32 0
4 76 239 77 252 0
96 143 266 5 3 0
21 87 0
123 69 149 0
195 100 12 137 121 0
238 190 133 141 95 0
56 144 171 29 10 128 106 257 0
103 215 237 0
64 181 30 0
75 83 123 16 29 0
110 230 260 50 90 163 172 0
196 12 148 122 236 202 78 137 0
27 237 258 64 93 0
174 204 118 108 18 164 261 11 0
70 55 112 4 81 0
256 58 136 10 94 0
263 178 127 1 0
233 120 38 254 0
187 61 128 0
143 255 0
134 216 19 115 152 262 0
154 186 44 194 156 265 97 0
126 129 170 22 157 0
261 5 191 130 48 0
28 66 114 151 46 0
79 40 119 140 92 234 136 0
257 53 73 197 50 0
244 8 156 155 0
13 193 155 58 0
259 204 229 212 7 226 0
234 93
124 54 226 0
28 114 83 54 170 203 41 0
54 210 0
210 95 0
83 100 0
65 124 0
210 117 99 205 19 0
227 100 0
43 124 59 10 0
155 100 0
88 42 40 86 230 83 0
37 43 0
65 122 91 0
110 227 200 0
69 202 201 162 100 92 0
206 15 37 0
88 171 5 0
12 56 100 194 197 0
205 213 38 216 0
218 88 36 0
134 107 49 227 0
74 156 155 191 85 0
83 165 39 211 0
206 93 0
81 158 67 200 132 121 0
189 93 72 176 84 147 0
58 70 54 0
8 26 113 178 211 0
13 158 32 0
187 37 184 0
54 212 90 0
25 43 0
36 103 168 0
185 8 54 24 7 0
196 83 0
70 225 221 167 0
95 60 4 94 0
193 187 151 0
147 48 0
78 224 25 181 79 142 0
168 174 152 18 0
80 193 76 0
177 185 109 164 135 222 0
190 171 163 140 183 0
55 79 75 14 108 177 0
227 120 20 0
228 83 145 0
43 52 77 61 0
82 79 98 0
87 22 91 0
158 17 1 0
30 88 169 0
73 48 198 0
148 34 23 97 211 0
160 21 17 182 131 0
32 12 219 44 0
90 33 29 0
87 223 136 0
211 9 0
102 30 47 0
25 204 46 0
161 37 0
118 66 6 20 192 130 0
210 209 0
171 2 0
119 233 220 180 136 0
232 182 31 0
64 159 48 0
173 45 205 105 0
53 210 0
71 29 133 172 0
217 97 146 149 0
193 123 138 0
63 101 128 130 0
179 35 222 50 116 0
143 193 137 6 0
129 51 98 0
3 129 0
141 154 88 0
206 231 0
5 101 68 139 186 0
64 62 115 57 0
27 106 80 89 166 0
100 188 0
175 100 153 0
16 207 188 11 126 0
187 199 234 215 208 0
139 150 127 7 0
111 64 0
111 104 214 112 0
195 35 0
198 157 0
125 229 96 144 38 0
77 69
16 43 0
26 16 0
25 26 0
16 18 0
62 26 0
25 11 13 0
29 18 0
62 56 77 0
43 76 61 0
29 46 0
16 69 0
62 32 0
66 13 0
38 26 0
15 25 0
38 20 0
43 4 0
63 53 62 0
29 8 0
42 53 0
76 57 0
12 76 0
6 77 0
25 71 0
11 27 15 0
66 64 0
44 58 57 0
53 54 0
34 32 0
10 69 0
40 54 0
28 32 0
55 69 0
13 75 0
53 17 0
67 54 0
50 40 0
46 22 0
52 44 0
32 68 0
39 74 10 0
64 3 0
12 45 0
54 35 0
21 15 0
65 13 0
67 19 0
72 35 0
37 6 0
48 44 0
60 65 0
51 3 0
25 24 0
7 17 0
28 31 0
5 22 0
23 48 0
35 39 33 0
27 30 0
65 49 0
9 62 0
23 73 0
1 3 0
59 25 0
2 33 0
72 36 70 0
47 52 0
14 7 0
29 41 0
205 65
155 119 146 154 70 98 0
155 142 122 0
10 198 115 187 66 142 5 0
178 88 119 0
79 155 183 150 0
150 186 0
167 142 180 191 84 138 0
24 113 33 155 108 0
137 186 103 14 0
59 191 32 0
196 153 121 38 24 11 0
119 92 0
58 155 134 0
121 201 143 0
150 107 74 0
119 141 204 0
185 114 32 0
42 49 43 66 200 0
121 54 81 61 73 18 0
25 150 46 0
86 201 19 0
163 123 173 151 204 0
67 168 169 66 0
68 99 188 95 190 92 184 0
47 155 165 182 0
191 203 22 52 0
93 114 172 156 9 0
85 50 80 159 114 131 31 132 16 0
69 155 0
20 88 124 78 97 0
15 106 195 19 59 12 0
69 42 130 3 120 175 0
62 12 52 23 0
139 181 193 1 82 23 0
75 73 87 37 17 164 140 45 83 0
101 146 162 41 25 71 0
176 131 56 0
88 151 109 44 39 166 0
177 74 100 0
30 102 69 27 199 51 0
114 26 194 4 163 36 65 45 118 0
192 72 203 36 0
21 18 25 76 112 90 60 0
153 47 58 64 104 33 40 0
154 77 66 205 0
41 150 126 0
35 116 176 0
133 145 125 127 31 14 0
37 19 7 50 129 0
88 128 136 22 0
148 105 66 46 0
25 135 89 0
126 170 0
174 2 158 160 40 0
34 117 65 14 179 144 0
114 167 171 96 202 0
197 160 0
125 26 10 199 13 149 8 0
202 55 48 194 152 205 0
43 28 176 29 161 11 111 0
34 53 0
4 16 129 110 0
94 38 63 6 12 0
62 64 157 147 15 126 0
203 57 189 91 0
89 57
70 84 0
33 70 82 0
33 60 46 0
29 46 32 4 34 63 0
12 84 79 0
70 72 0
44 46 59 0
28 32 0
28 79 17 0
28 39 0
44 50 0
70 19 0
57 70 8 0
48 67 15 72 0
3 67 0
74 32 35 0
28 21 0
7 87 40 46 0
51 25 8 0
33 88 0
65 50 85 0
12 23 0
50 10 0
88 6 0
88 42 83 0
21 78 38 0
54 34 84 0
3 13 0
89 68 85 0
58 77 85 0
15 68 71 29 0
44 81 0
86 46 0
55 6 0
41 50 27 0
25 12 26 76 80 0
31 32 0
36 70 63 0
81 5 0
75 36 0
22 85 0
68 18 74 37 76 0
40 19 14 27 89 48 0
50 43 0
3 49 20 0
21 1 0
80 24 69 78 0
64 45 6 0
56 77 0
2 77 66 0
39 52 0
16 47 22 0
9 10 11 0
30 43 0
54 16 82 53 0
61 62 9 0
73 5 0
63 5
13 21 17 54 36 55 46 47 37 48 8 10 30 34 23 20 0
35 58 6 2 31 40 28 56 12 30 44 24 48 18 29 15 57 63 34 26 9 0
11 42 2 4 41 25 22 53 28 35 39 1 52 43 61 17 19 45 38 14 0
13 31 1 9 26 51 33 3 16 8 50 42 54 47 29 24 0
27 55 10 32 60 33 7 43 62 59 5 49 57 22 61 52 4 14 0
105 29
86 22 61 31 51 0
63 77 37 85 86 0
105 38 65 85 72 0
91 105 46 7 0
33 85 91 4 14 87 29 48 0
87 62 93 30 0
66 31 20 61 45 0
2 83 56 86 34 1 14 63 67 0
80 30 66 81 24 92 0
57 89 86 83 0
27 32 53 61 104 0
90 78 39 15 20 97 59 0
16 1 34 50 28 70 64 39 0
9 76 11 26 62 7 15 52 0
38 98 47 44 56 69 57 0
80 17 51 0
84 82 87 40 0
29 94 96 105 89 0
85 11 6 95 24 0
73 71 12 100 99 42 75 79 49 30 0
6 41 55 58 3 0
13 77 32 101 6 0
69 19 96 84 94 21 18 3 100 67 0
64 65 99 82 79 60 45 0
10 8 52 87 43 74 0
80 97 54 0
61 103 8 47 71 104 16 88 35 0
75 23 68 101 2 41 92 0
5 36 22 68 25 102 0
169 31
107 23 6 165 154 62 161 86 17 0
94 62 33 23 105 19 90 155 66 144 8 0
69 159 131 17 95 16 145 0
109 114 128 118 100 20 19 1 5 27 76 50 146 147 0
23 66 59 155 4 43 58 116 34 161 81 168 0
112 38 3 22 139 23 84 0
2 103 23 144 101 117 89 0
9 27 47 140 80 75 74 97 124 150 39 0
81 83 68 0
90 141 156 149 51 118 152 23 78 79 34 88 0
57 93 131 92 81 164 133 121 91 60 13 0
38 81 14 64 126 41 24 0
130 25 111 56 82 23 72 168 102 18 57 157 0
93 64 163 112 153 81 74 0
67 22 9 129 104 117 39 28 81 0
42 164 73 101 35 96 169 32 159 13 162 4 0
139 157 87 85 148 83 0
61 111 32 91 84 10 76 138 37 0
15 27 106 142 58 56 122 0
52 71 68 158 46 92 123 0
55 143 147 53 11 94 40 19 140 0
72 132 75 136 120 45 70 0
29 28 52 63 49 44 96 24 0
28 145 119 126 26 135 5 0
152 36 68 151 115 12 165 78 21 0
81 55 108 71 65 44 0
138 67 113 167 97 50 35 0
51 29 98 160 16 166 99 139 48 110 31 0
134 30 167 54 75 114 45 0
77 7 137 127 151 103 85 88 0
33 125 107 6 99 88 158 0
82 49
1 37 11 0
57 11 0
21 1 0
57 77 0
40 54 21 0
75 67 30 21 0
24 21 0
40 61 27 35 0
62 40 22 50 0
24 8 0
24 76 47 0
81 8 20 0
57 4 0
73 47 78 71 0
47 12 0
74 57 81 0
20 18 51 0
56 74 28 0
77 34 0
48 57 0
7 28 39 0
36 74 0
67 45 48 0
29 65 36 49 0
45 41 25 0
36 60 0
14 52 28 0
42 16 14 63 0
24 38 5 0
13 8 0
26 46 47 0
10 16 7 0
72 74 0
2 40 61 0
31 62 0
38 65 69 0
49 79 8 0
32 41 23 62 59 0
74 80 19 0
10 30 55 17 5 63 0
2 3 44 0
80 53 0
47 6 0
82 80 43 0
33 79 15 0
59 64 82 70 68 28 0
23 68 58 0
38 66 0
21 9 19 0
293 93
230 135 62 260 0
135 15 128 95 0
128 242 288 0
237 37 260 165 235 10 117 55 0
111 8 260 0
260 78 130 240 0
13 106 53 124 135 0
117 271 225 284 200 0
135 39 24 175 279 163 162 0
111 216 0
260 5 190 0
288 30 27 0
133 78 131 119 0
22 260 252 287 0
91 104 288 35 0
74 120 225 0
96 117 254 52 0
117 251 0
7 291 78 147 0
58 254 116 68 0
197 53 26 0
226 190 231 277 0
85 277 159 50 4 0
53 223 67 126 0
152 277 29 60 0
64 277 127 183 264 0
280 173 111 36 142 239 0
163 210 229 41 0
206 133 222 238 0
219 8 222 0
254 20 3 144 46 0
260 276 191 155 73 132 0
290 218 158 6 53 136 0
219 80 188 0
143 21 252 0
69 47 34 78 215 0
223 185 40 28 293 0
101 202 45 145 288 0
27 108 77 166 122 193 0
48 288 0
148 282 101 259 0
189 101 0
44 48 0
128 18 7 270 192 146 0
134 163 9 187 0
87 135 213 0
285 220 217 43 210 0
234 75 70 6 0
199 78 186 102 129 0
54 179 210 178 0
34 82 267 66 0
196 170 51 128 246 0
214 152 9 57 0
168 90 260 0
83 6 172 98 0
118 14 248 262 148 99 194 0
201 121 264 51 245 0
205 254 283 233 209 0
269 197 140 138 0
257 277 110 265 0
19 156 182 152 0
195 256 252 0
255 157 48 0
197 247 10 0
228 53 281 0
184 203 1 277 0
219 59 11 0
260 115 0
6 221 61 38 0
288 232 0
250 112 190 109 0
266 239 110 207 92 0
286 281 141 25 63 261 0
94 108 278 198 167 0
208 65 125 79 83 0
89 23 188 17 0
204 150 6 137 0
241 32 49 71 12 292 280 0
177 103 42 16 255 0
253 258 180 114 73 164 0
176 3 174 0
236 31 212 288 113 139 169 0
153 275 93 88 33 11 0
243 51 0
100 272 107 154 190 0
273 151 244 73 224 0
263 181 105 148 0
163 289 86 0
171 268 72 21 0
2 161 243 0
76 274 123 211 97 54 0
66 56 84 81 0
160 249 243 227 149 0
59 20
43 39 55 25 56 0
40 12 13 11 39 0
59 6 25 0
34 40 44 53 38 0
15 59 1 55 4 0
59 46 11 0
42 18 52 25 0
19 28 2 46 0
20 47 30 45 38 0
59 32 0
37 4 20 50 57 14 0
20 16 33 21 47 30 0
27 51 28 0
43 58 46 31 5 12 34 0
48 3 18 9 0
29 19 33 15 26 41 49 54 0
22 17 21 32 8 0
23 37 1 0
56 8 53 42 51 10 36 0
7 24 40 35 0
83 26
47 41 11 44 26 63 14 0
11 15 30 12 0
12 26 50 5 0
78 26 49 0
72 49 34 0
59 58 71 46 61 70 50 0
4 42 80 69 49 18 37 0
60 61 8 43 18 22 2 25 50 0
48 3 43 26 22 0
74 19 14 77 50 0
76 11 35 82 0
75 1 60 52 40 79 29 16 49 3 0
58 57 41 78 37 38 69 0
13 70 56 50 0
8 64 1 77 20 6 16 0
15 53 73 7 6 52 0
80 36 54 21 46 17 53 45 0
48 10 82 0
65 2 81 0
27 7 13 83 24 0
23 34 62 39 66 0
53 51 5 0
33 31 57 32 23 0
67 53 0
27 30 55 28 39 62 53 0
68 4 66 9 0
76 5
58 50 21 76 20 38 60 34 46 47 73 15 14 22 25 2 19 33 56 18 0
45 57 41 59 65 63 62 52 74 67 11 8 66 6 35 56 20 4 55 72 31 0
12 11 28 55 44 71 46 24 31 27 52 7 17 3 37 40 72 0
32 68 42 29 59 64 40 70 41 75 49 39 48 15 37 73 28 69 19 7 21 23 62 63 10 51 30 0
13 74 1 24 48 69 8 12 9 30 43 16 49 53 54 5 75 26 11 61 36 3 51 44 65 33 39 76 0
112 3
61 15 30 1 110 57 50 38 83 31 72 25 20 28 96 24 40 27 39 26 32 33 63 79 16 47 112 21 29 6 14 65 73 86 68 35 42 111 64 102 104 82 75 71 77 10 12 60 17 5 43 3 91 67 99 62 0
10 82 77 22 74 42 107 33 34 100 90 13 67 1 109 2 53 11 81 70 36 56 55 57 46 59 41 37 24 8 87 23 94 85 110 98 108 78 97 105 9 49 75 103 112 92 79 0
4 51 37 101 15 47 44 106 55 58 35 29 102 84 89 93 95 41 52 91 88 69 19 96 34 81 18 3 48 20 66 63 12 17 87 64 100 70 7 103 32 73 54 104 43 97 45 71 90 99 31 62 2 25 80 16 76 0
42 39
22 13 0
38 22 0
38 28 0
13 41 0
27 38 0
38 42 0
13 17 0
3 13 0
42 26 0
35 38 0
38 6 0
35 4 0
3 36 0
16 18 4 0
23 27 0
13 19 0
35 40 0
29 22 0
4 31 0
25 14 17 0
31 21 0
20 36 0
40 18 15 0
19 1 0
20 2 0
13 39 0
37 35 0
9 1 0
4 33 0
30 40 0
23 32 0
6 5 0
1 24 0
37 10 0
7 32 0
35 11 0
12 37 14 0
27 8 0
32 34 0
201 53
19 15 141 57 91 125 170 21 64 0
78 4 119 125 198 0
125 65 150 0
34 4 37 133 2 66 49 0
49 177 161 56 171 37 0
198 65 10 106 19 0
120 30 106 28 103 128 39 0
25 106 168 93 0
193 63 174 56 157 72 98 0
80 130 186 63 57 102 1 0
160 65 92 148 20 0
24 48 148 176 143 0
111 32 156 39 183 35 48 0
191 175 125 146 44 0
6 74 195 11 48 151 0
181 163 179 25 53 49 0
69 194 112 45 61 113 44 0
183 120 18 162 118 0
8 162 185 4 87 38 0
75 90 94 55 125 0
40 15 62 81 0
112 116 163 3 52 196 36 0
177 83 152 69 77 110 120 14 0
4 79 42 167 54 0
147 48 50 42 194 169 0
12 14 58 44 0
178 82 23 121 3 33 132 56 0
104 101 144 182 70 93 0
51 129 27 181 158 0
17 86 158 0
139 188 192 106 0
5 93 38 153 0
134 114 189 152 85 165 41 148 26 137 0
4 51 95 84 0
86 67 75 190 7 0
70 22 149 0
28 67 142 158 109 89 88 0
50 63 184 140 123 27 0
12 154 122 197 107 192 66 16 0
47 115 70 35 173 96 191 0
145 77 159 52 11 99 0
23 138 180 148 0
60 32 172 164 124 138 0
59 1 200 102 43 100 60 166 131 0
20 46 97 86 155 136 0
117 109 135 0
29 71 92 34 44 0
199 33 44 73 171 0
29 132 61 73 68 13 0
187 105 108 58 0
126 36 80 156 9 24 74 127 0
16 201 138 0
31 76 153 0
282 88
105 188 256 116 62 0
24 203 188 5 124 269 208 189 38 0
17 239 39 59 60 208 0
188 193 180 0
257 188 67 0
193 226 80 274 176 74 267 222 0
3 118 48 273 109 39 0
219 253 114 77 188 0
275 62 243 0
40 3 95 0
92 138 3 0
31 70 197 136 39 154 0
188 264 11 135 0
53 57 30 208 223 42 23 0
229 208 97 0
159 258 183 11 254 270 0
81 257 146 184 58 0
21 81 0
240 11 255 206 0
215 240 192 52 233 0
226 235 9 79 0
75 4 41 138 175 0
217 188 196 0
11 252 156 0
153 237 243 0
14 156 99 0
247 261 243 0
272 188 251 32 0
249 160 88 163 240 96 76 34 242 0
142 33 161 39 0
185 230 175 0
272 214 248 128 0
195 266 181 51 226 64 0
137 73 78 237 134 0
211 129 186 99 0
238 140 65 156 0
213 36 131 173 34 0
77 119 151 107 0
271 101 236 196 46 0
26 204 141 201 81 0
9 182 115 125 177 262 145 0
210 35 141 0
130 177 0
133 21 0
103 181 0
147 54 21 0
7 157 161 218 139 84 168 71 143 167 16 171 0
237 144 0
55 66 130 0
130 250 110 7 0
212 15 144 158 8 0
177 218 68 90 216 0
246 66 178 0
271 132 50 0
10 81 207 0
43 100 216 112 5 0
43 198 44 0
278 170 193 174 282 14 0
63 120 161 231 127 0
93 130 85 0
141 61 0
18 276 130 104 0
234 260 238 172 113 108 0
144 265 281 22 47 0
81 190 0
263 185 15 152 0
117 194 162 111 25 141 0
6 11 279 126 0
155 226 259 191 12 0
54 83 106 148 280 0
169 78 91 8 0
29 31 268 10 224 0
199 221 27 190 0
20 4 280 0
245 170 13 0
207 49 205 45 0
151 165 2 241 0
94 102 86 156 166 0
220 261 225 0
110 202 179 16 209 19 0
232 87 277 39 0
164 187 89 149 81 0
227 72 82 6 95 0
150 9 200 121 0
95 37 228 0
56 190 0
1 69 244 224 0
12 122 98 177 123 28 0
146 15
67 37 38 122 77 7 45 62 82 65 6 130 141 59 84 4 0
62 122 11 78 47 81 146 95 80 55 100 18 113 71 102 0
10 41 122 104 30 136 134 140 9 14 114 101 46 100 22 0
106 27 137 145 66 26 54 84 14 59 52 61 60 65 77 21 0
39 135 25 109 71 143 14 80 88 63 1 131 56 76 144 0
115 14 113 37 125 49 34 28 138 16 15 48 24 89 103 97 0
11 128 120 118 14 99 90 64 0
20 117 139 32 33 146 3 107 111 123 18 61 110 138 68 79 132 8 38 92 0
126 122 17 2 34 32 121 22 54 87 116 48 98 0
117 19 70 102 83 29 130 91 127 74 112 51 0
3 135 108 81 94 92 29 44 5 26 106 112 72 91 35 58 0
47 36 126 124 40 76 121 53 23 95 93 85 115 69 144 96 114 142 50 86 75 6 0
12 56 58 33 17 49 73 13 21 111 98 119 129 0
50 108 131 45 57 55 25 94 110 124 79 31 53 105 51 67 93 40 118 109 0
42 118 133 43 12 31 72 119 44 0
158 18
98 69 81 23 99 34 92 154 151 129 33 118 91 136 27 10 107 150 0
139 20 54 108 19 138 70 55 97 86 34 0
23 12 79 114 110 126 31 158 84 141 39 71 124 135 125 25 80 34 78 0
111 107 143 69 5 61 148 115 117 144 153 35 150 137 152 93 0
31 29 127 121 64 146 42 7 122 34 72 100 112 88 47 0
157 51 73 156 58 66 18 94 32 106 79 108 75 3 0
133 54 131 34 113 53 130 52 17 0
11 55 151 33 56 25 8 79 86 144 38 4 116 123 114 20 24 73 138 125 46 105 57 22 89 0
53 80 65 84 120 134 147 59 98 9 46 129 10 68 35 152 62 90 19 79 0
41 18 93 83 67 63 96 2 38 56 29 72 0
85 14 133 59 87 3 8 105 101 145 104 40 37 60 75 24 0
142 127 62 66 21 132 140 130 28 0
139 109 6 51 87 121 126 106 52 0
97 63 28 155 99 15 45 43 135 32 47 30 48 0
76 44 81 40 1 74 16 146 4 12 77 79 0
61 147 13 149 90 14 11 83 119 95 0
76 82 128 102 123 49 101 26 148 57 67 37 155 0
15 100 103 16 36 44 88 50 110 77 0
161 69
115 133 0
66 10 72 115 0
66 120 0
31 144 133 0
131 130 144 25 0
49 4 133 0
39 144 67 23 0
32 97 143 116 23 0
144 98 0
29 4 48 0
126 4 110 6 0
66 55 148 123 109 0
57 53 67 61 119 18 98 59 34 0
105 132 24 6 0
85 66 0
32 151 70 57 0
28 4 0
30 48 0
45 34 3 6 0
98 38 19 158 58 0
134 63 47 120 0
32 92 26 50 156 0
161 114 121 74 131 111 50 0
1 30 0
159 75 153 32 73 49 0
127 29 115 0
134 82 117 116 63 0
89 127 0
117 100 0
158 80 11 114 0
102 96 131 0
10 38 155 0
52 89 8 24 0
9 120 125 39 0
128 123 105 145 143 0
64 19 152 48 0
81 103 68 78 77 129 131 56 0
65 33 130 94 98 0
114 160 0
21 8 139 0
83 5 92 0
122 100 0
23 97 15 16 0
26 2 133 99 0
161 112 37 6 0
79 36 142 23 31 69 0
112 14 113 0
60 101 141 129 0
154 84 30 0
117 106 0
13 86 160 46 93 90 0
45 149 35 0
96 38 62 21 71 0
138 36 108 159 0
43 14 0
104 131 0
142 138 33 118 146 0
27 12 157 84 0
135 149 0
38 87 41 0
79 22 0
147 100 137 124 0
136 141 20 88 0
79 107 40 0
76 22 91 0
18 23 42 51 17 0
111 150 149 153 151 54 0
132 7 14 0
95 44 41 140 0
116 42
62 25 66 67 106 31 0
4 51 113 9 25 0
24 113 7 99 107 66 84 0
18 84 72 94 0
84 46 0
84 102 115 80 91 0
38 66 0
25 97 21 24 0
87 25 53 54 0
25 59 6 22 48 0
88 30 18 2 50 0
83 53 86 69 0
38 28 47 74 27 110 0
104 103 72 4 0
106 100 8 53 52 99 0
96 83 20 116 0
52 7 108 35 39 83 0
34 114 5 20 36 0
44 25 15 37 101 0
83 68 32 105 79 75 61 22 0
12 70 84 0
3 44 109 20 0
67 59 16 0
15 23 78 0
10 60 11 32 30 79 13 0
61 74 43 78 17 27 16 0
89 1 2 111 88 59 0
58 64 40 63 71 100 0
64 77 0
100 90 26 19 14 28 0
98 46 37 33 56 0
70 57 96 0
59 42 0
38 97 81 0
23 51 93 0
85 101 102 112 63 64 115 39 0
82 76 112 0
92 49 94 100 0
95 45 3 70 36 0
26 19 58 65 0
77 29 73 104 0
6 64 55 41 35 0
154 14
144 67 35 139 66 68 60 106 32 141 85 39 140 29 97 0
84 66 28 40 33 153 141 116 117 59 56 82 8 77 51 0
103 112 124 79 1 115 135 76 138 90 102 3 8 105 7 101 4 139 42 63 114 144 20 129 0
141 132 92 43 26 121 125 89 47 10 123 0
93 9 62 82 86 25 134 27 87 17 152 147 22 16 14 142 69 81 64 31 126 59 38 0
73 21 98 138 141 131 107 11 30 134 64 143 19 24 137 136 113 37 0
6 128 25 73 111 41 143 23 146 22 95 141 119 70 81 78 102 83 0
116 113 122 53 1 90 72 127 77 141 13 125 105 79 42 99 43 0
127 150 110 100 3 96 46 145 80 54 72 34 149 151 48 146 0
53 48 5 11 52 32 69 55 104 20 35 121 0
62 136 23 109 94 148 154 24 5 39 44 91 18 135 33 0
121 88 130 80 15 57 85 133 61 84 12 40 65 51 120 0
12 2 122 98 103 95 60 83 148 75 63 49 118 128 0
70 78 71 14 154 36 9 45 101 108 34 153 137 50 109 123 152 117 58 74 2 91 0
114 48
37 9 58 109 3 90 38 0
53 58 51 8 0
40 6 53 111 0
59 71 28 68 53 0
37 20 95 0
50 37 106 52 0
47 50 93 16 0
22 93 0
102 74 93 0
77 83 74 32 0
20 14 72 6 89 109 65 75 105 0
58 46 0
46 34 67 0
20 78 33 0
66 45 79 74 110 0
32 5 49 56 0
22 21 26 103 0
51 55 83 96 46 66 11 0
50 31 113 0
33 98 23 0
60 61 79 28 0
1 101 80 77 26 88 33 0
99 57 64 53 0
52 85 53 38 0
18 21 3 10 64 36 90 0
65 48 110 17 27 0
71 74 91 40 0
87 49 22 0
44 107 46 0
87 24 81 0
73 78 53 12 0
108 39 69 8 19 81 0
62 56 23 0
25 92 28 107 0
106 18 4 30 10 9 0
61 63 13 0
22 5 82 15 0
44 59 97 15 42 104 0
47 37 114 0
29 14 100 0
94 60 24 25 0
76 2 74 7 0
13 43 48 63 0
89 92 69 56 35 0
50 54 41 112 0
70 111 16 0
33 84 0
86 110 36 102 11 68 0
