8
8 69 83 90 2 71 60 45
58 88 72 21 37 42 2 74
97 21 33 68 16 27 79 66
59 21 55 67 88 2 66 96
23 49 87 26 73 47 23 31
87 47 53 76 90 55 50 39
29 35 60 45 63 39 11 74
61 67 41 49 21 60 98 44
10
37 22 82 36 97 66 75 45 71 3
87 78 53 26 7 41 38 4 56 78
68 30 91 87 24 92 8 84 42 4
45 31 79 80 19 76 46 94 21 69
97 8 47 3 87 55 96 25 11 52
55 79 34 98 66 58 43 26 94 85
83 40 69 62 72 88 90 70 35 64
39 84 72 86 39 11 93 35 37 5
39 44 36 74 43 55 84 86 81 79
23 16 71 92 30 95 33 21 65 20
6
4 4 9 42 44 73
88 31 10 45 71 6
81 97 49 36 81 87
70 12 11 86 35 55
69 30 40 90 47 60
27 3 65 88 46 61
2
34 44
23 79
6
30 12 64 31 1 46
19 71 10 30 9 98
37 78 28 78 20 28
38 99 31 55 88 77
68 49 63 13 25 94
80 55 59 45 38 60
4
57 83 53 39
44 51 77 75
32 7 95 60
97 95 91 5
4
21 73 84 36
38 61 83 19
68 42 16 7
2 59 64 37
5
56 81 16 33 56
0 92 4 12 41
51 55 46 86 28
72 70 65 10 84
0 81 52 42 97
10
96 56 76 33 21 32 66 89 17 75
41 61 79 53 2 30 8 49 16 37
73 38 54 83 22 54 17 75 48 14
86 96 23 62 29 44 46 47 85 63
22 26 24 53 31 79 83 39 28 51
28 53 90 34 88 64 40 5 91 88
20 30 84 95 92 65 39 91 65 76
6 39 54 31 93 85 10 28 76 90
80 57 95 22 91 83 38 84 89 30
72 61 60 9 56 4 26 47 95 43
4
54 83 29 85
76 14 47 4
42 89 36 99
84 10 43 19
10
27 8 31 51 21 91 12 77 47 91
76 95 34 51 49 69 80 86 45 46
85 2 89 74 90 40 10 1 83 81
2 62 90 33 14 63 76 78 93 23
69 69 70 56 21 19 25 53 5 23
0 42 25 41 68 67 81 78 68 17
60 70 79 2 55 45 65 31 24 58
55 45 80 25 1 1 97 27 6 54
2 6 97 27 47 65 46 81 96 15
50 8 37 29 10 93 27 27 76 3
9
31 48 70 9 2 23 6 81 29
12 83 36 9 62 35 27 8 68
23 75 18 83 65 0 93 10 27
72 86 82 62 18 82 32 79 84
55 37 65 37 49 0 73 11 62
60 38 23 29 13 98 99 96 63
99 41 73 78 65 60 60 80 30
95 64 9 79 72 98 97 9 99
49 34 10 12 94 0 35 75 65
6
27 13 1 26 6 74
57 72 86 69 52 68
64 68 29 96 40 27
45 49 27 94 83 89
6 30 90 93 57 7
31 84 21 32 63 27
7
72 51 45 41 55 13 58
24 43 54 64 22 51 66
49 45 1 91 52 31 33
97 41 40 28 77 13 12
40 93 71 64 44 16 58
0 81 16 76 24 22 92
99 73 58 48 18 12 91
3
43 24 72
36 65 52
14 78 65
7
71 36 23 68 4 81 20
85 97 96 62 71 40 61
96 51 61 66 63 53 41
58 77 13 95 94 17 61
73 82 19 96 70 42 16
74 23 36 60 72 84 22
43 25 35 91 28 96 58
2
1 99
49 79
5
96 73 81 57 98
16 77 47 86 19
63 61 95 0 73
67 36 47 63 13
82 54 41 30 12
3
32 63 82
11 27 78
36 61 88
6
77 65 82 63 36 97
24 31 49 49 99 86
96 62 99 78 68 41
61 81 25 93 96 7
56 76 38 92 37 26
79 14 43 13 29 31
2
6 63
60 55
5
98 52 28 50 82
96 43 43 29 68
88 78 28 44 54
18 89 91 44 68
57 39 34 86 70
6
92 85 57 48 51 8
52 79 58 86 28 1
82 9 69 70 87 97
67 41 15 56 84 11
76 41 2 10 28 25
7 72 62 17 72 14
6
24 45 35 63 25 36
45 35 57 15 22 7
34 16 74 42 0 38
19 42 40 81 22 17
89 46 32 6 19 46
83 95 43 18 58 21
7
3 56 63 71 30 70 57
46 45 0 47 83 19 41
75 52 15 45 41 61 77
99 32 75 34 28 70 52
38 91 10 94 99 74 17
30 96 74 28 41 74 27
76 45 20 4 98 35 1
2
49 78
43 81
4
77 61 23 82
0 67 92 94
66 18 11 48
15 37 77 8
5
56 37 9 77 41
59 12 42 3 13
72 98 95 25 75
56 0 9 8 19
54 54 86 24 17
7
39 55 15 48 19 72 37
80 49 78 92 13 72 95
27 44 93 74 21 20 30
73 82 91 45 88 45 31
12 63 69 52 18 85 52
89 57 89 69 58 19 61
23 43 8 50 39 1 24
3
74 7 37
56 50 82
96 95 65
9
10 35 12 80 72 64 69 29 5
91 39 76 4 62 19 13 65 58
66 41 22 40 0 60 48 50 42
44 98 8 5 8 95 17 89 67
34 58 48 39 1 87 16 6 1
87 19 18 98 85 12 20 78 12
80 78 63 75 75 61 83 80 21
78 97 10 45 83 21 93 23 22
32 91 28 85 30 99 4 28 37
7
49 67 80 81 97 95 56
72 8 91 4 30 69 54
40 66 37 13 11 12 88
95 55 16 81 86 68 37
14 57 5 15 24 85 97
21 81 5 46 89 97 50
19 18 56 12 85 94 25
9
6 13 44 62 82 25 0 2 14
14 59 19 30 35 4 79 8 37
84 54 27 33 57 98 52 13 10
37 59 88 37 18 53 81 32 87
58 32 41 72 98 0 91 80 87
48 59 96 85 96 2 12 29 59
63 81 25 73 70 36 13 60 54
19 41 38 6 0 70 48 24 69
0 68 49 88 16 61 36 1 9
9
66 90 50 29 24 27 54 94 63
20 6 70 39 48 8 45 0 31
45 24 52 98 44 53 86 60 14
74 14 75 12 32 66 62 61 90
41 67 36 5 87 43 75 26 91
35 24 43 66 21 19 70 19 64
24 57 24 90 31 90 66 44 22
32 58 35 22 0 3 58 57 90
1 84 69 44 19 45 87 38 66
10
8 86 23 84 95 47 75 27 38 41
23 12 73 81 48 47 33 51 57 90
93 11 74 14 55 46 59 95 36 78
54 96 16 77 81 11 76 56 38 66
49 61 79 74 43 27 21 28 30 78
19 23 41 45 90 49 43 49 44 79
27 50 76 43 79 9 55 7 65 45
74 14 7 5 40 2 84 61 30 14
91 1 89 33 99 79 82 42 81 78
74 60 80 50 56 59 11 63 66 76
9
92 42 67 49 82 21 33 95 4
99 86 57 41 71 56 72 5 51
53 83 25 66 63 27 74 74 38
37 93 66 97 85 8 65 87 42
38 20 89 42 72 27 0 13 99
8 85 56 59 91 92 84 9 55
11 83 82 49 20 75 15 69 12
75 86 99 69 25 72 58 19 44
86 19 9 37 28 46 45 87 89
8
24 98 93 35 33 27 37 5
2 4 75 66 80 61 66 1
38 90 12 58 86 50 29 95
39 9 93 84 49 83 22 73
33 67 60 67 94 97 72 48
2 99 14 34 13 32 87 3
22 99 13 8 1 43 55 40
4 49 25 53 84 47 78 17
5
91 36 60 40 61
8 42 60 74 28
25 7 68 29 81
19 42 90 21 37
97 61 42 98 38
8
82 85 78 0 51 69 88 11
9 49 71 4 10 46 84 87
53 4 16 34 24 59 76 45
48 26 58 90 24 97 90 7
34 68 59 38 89 47 1 50
97 73 54 59 19 91 46 24
95 15 10 19 26 39 16 74
17 27 17 41 76 7 0 62
8
11 0 16 59 2 18 8 27
73 19 98 16 17 22 11 32
84 83 58 75 51 33 92 78
50 34 6 9 86 69 36 98
69 4 57 23 22 17 50 47
36 48 15 53 22 27 38 7
62 96 34 65 81 27 44 31
13 2 92 99 71 28 97 41
5
6 64 59 23 67
58 11 15 74 17
90 53 55 49 15
3 83 80 85 10
76 16 23 79 9
4
2 89 20 43
26 79 60 85
2 79 43 66
94 17 83 36
1
90
6
37 93 69 70 78 79
98 47 55 29 8 78
32 49 50 75 75 29
87 60 84 66 56 2
13 73 37 49 96 27
35 85 72 56 55 51
8
54 50 42 35 58 72 67 59
75 95 35 56 82 47 40 1
3 94 14 29 31 15 77 58
2 62 83 58 70 34 46 76
36 40 11 46 13 79 5 88
74 40 44 8 88 37 9 43
83 75 72 15 43 1 25 45
64 8 56 34 94 54 10 30
5
73 76 59 52 82
47 78 74 44 87
14 33 48 10 16
24 34 83 19 36
9 64 0 17 72
7
12 26 48 42 73 21 71
32 26 5 32 4 31 28
43 46 13 92 56 29 68
90 13 87 78 74 3 78
91 28 16 3 6 64 98
79 38 21 64 64 26 96
20 57 24 16 55 89 60
4
18 28 6 83
67 84 57 22
63 1 2 79
4 9 96 54
9
34 75 52 50 53 0 22 11 76
38 66 65 98 82 84 78 88 19
97 72 29 72 35 30 74 67 86
35 15 93 24 49 68 28 51 22
29 25 85 5 64 3 71 14 85
7 45 73 78 94 46 7 18 33
89 45 52 76 80 67 69 56 68
89 85 19 63 66 45 48 71 61
4 94 27 89 53 24 63 84 71
2
43 89
94 33
7
47 61 67 66 82 23 35
71 60 6 87 26 51 35
50 64 39 96 44 81 50
68 96 86 91 57 29 81
3 62 67 2 75 86 69
57 62 4 81 22 10 68
49 14 55 51 30 47 47
5
28 49 95 24 35
86 33 65 19 36
79 39 39 55 25
60 64 87 64 45
62 26 13 11 92
10
14 23 16 61 49 96 63 44 20 98
83 5 15 54 41 47 93 32 54 71
92 18 58 8 64 20 35 29 83 27
50 97 2 18 11 52 14 26 48 86
76 31 91 92 38 85 91 31 17 45
2 62 15 13 70 79 85 5 61 21
85 63 18 87 82 81 39 48 7 88
87 84 71 30 28 9 15 71 93 85
16 47 47 83 60 17 63 46 23 76
67 60 39 37 47 73 71 39 22 30
10
9 66 50 91 94 12 7 17 57 92
85 4 39 69 65 56 84 63 31 60
82 43 51 71 91 25 94 30 99 25
9 60 91 11 51 38 75 58 55 32
2 41 37 41 10 54 50 94 69 33
6 51 77 57 74 20 82 69 2 33
94 11 93 37 74 45 75 50 3 83
34 6 76 71 99 38 77 1 84 46
87 90 49 64 99 24 36 34 45 38
67 91 1 61 28 75 6 56 77 61
2
12 19
67 35
10
57 65 72 41 63 59 83 13 75 82
89 11 68 34 1 36 25 2 49 5
30 55 61 7 68 52 71 88 71 59
59 28 24 31 69 87 43 52 52 70
87 93 82 55 79 35 43 56 38 92
62 68 99 75 27 68 28 51 56 51
10 15 80 86 98 1 25 93 6 30
64 93 23 98 0 3 33 44 59 23
36 73 43 36 49 71 56 29 74 12
80 84 79 12 22 29 14 47 23 20
10
87 65 53 37 65 8 70 61 19 94
50 93 37 38 94 60 94 75 34 6
55 70 37 20 44 66 86 92 41 58
73 80 23 26 17 40 34 40 54 6
34 4 99 23 42 45 36 88 20 22
46 27 45 83 47 89 1 85 33 43
43 7 23 18 33 41 11 20 81 65
26 67 21 77 42 15 22 30 3 42
53 49 69 98 84 69 87 85 54 21
28 50 28 4 68 13 45 79 85 78
7
63 97 69 40 91 84 14
22 39 8 75 40 30 25
24 99 64 62 5 37 42
55 65 46 76 31 43 7
16 73 4 80 22 25 72
14 10 87 36 1 95 63
42 77 88 18 76 4 32
5
42 75 41 59 73
17 90 69 25 59
94 81 91 17 6
15 31 68 2 19
70 50 82 64 27
3
82 56 26
15 42 68
42 83 80
8
1 70 88 78 81 83 11 72
52 69 88 83 38 42 2 60
44 36 24 24 58 58 32 36
73 74 57 67 57 37 35 10
59 75 88 41 58 51 65 62
21 5 45 59 0 99 19 44
87 95 20 97 53 52 34 79
26 91 46 36 80 33 98 91
10
87 32 19 90 50 82 11 7 79 70
7 31 41 4 18 36 24 16 42 29
2 21 7 45 67 43 25 53 42 16
14 81 1 33 71 3 67 35 10 99
5 70 30 99 74 0 87 50 16 29
79 70 50 87 15 70 82 40 75 76
9 89 9 62 74 81 65 94 68 27
93 25 97 75 24 71 75 64 22 44
93 53 14 96 40 30 18 23 22 45
51 83 34 61 45 60 94 62 54 62
1
99
8
39 74 64 63 2 28 85 98
73 38 12 21 31 94 91 6
69 36 57 52 22 18 50 83
12 12 89 26 54 41 14 94
67 78 57 69 6 94 67 31
84 32 53 67 78 44 73 47
81 83 0 3 1 2 38 66
14 80 92 21 21 58 67 40
7
76 10 94 70 29 26 6
13 79 74 92 75 99 39
56 82 91 12 36 93 2
54 60 82 98 81 55 57
48 96 45 24 58 40 46
87 66 4 53 97 78 45
72 78 36 81 12 28 45
9
73 47 54 33 30 53 66 85 10
14 81 55 90 39 47 88 79 65
93 32 62 23 29 87 1 65 20
66 45 65 14 71 12 69 4 94
74 71 80 84 37 13 91 80 5
39 68 36 4 61 20 19 85 1
58 38 18 78 56 64 43 23 35
7 44 91 2 18 14 34 2 52
99 45 32 56 84 52 44 41 66
5
12 3 65 70 93
84 0 50 0 95
73 87 2 17 30
56 35 45 42 89
97 94 34 81 50
2
33 95
64 99
2
76 2
29 46
9
65 46 98 17 41 71 4 95 88
86 4 75 31 46 64 80 40 50
61 91 21 95 38 37 46 1 13
1 30 11 49 95 9 47 12 2
70 68 98 58 55 54 85 86 0
49 67 41 99 80 84 73 27 74
10 74 75 76 27 6 87 28 53
49 27 66 51 97 86 1 7 41
55 92 80 56 41 99 49 92 79
6
65 7 59 28 33 34
4 60 92 43 40 46
92 67 64 44 64 50
97 23 92 53 15 72
61 8 23 62 0 2
47 18 9 6 98 94
3
54 6 85
97 46 83
90 13 47
7
77 97 83 0 89 88 67
13 1 75 36 63 28 91
10 98 52 16 48 47 61
2 53 46 99 0 29 41
65 76 79 95 73 63 95
15 3 15 80 5 42 69
68 22 60 79 20 64 47
9
11 8 22 17 6 74 69 87 15
34 63 95 29 89 10 77 56 65
44 88 70 86 57 91 9 69 70
81 34 69 2 97 30 24 66 36
98 35 24 14 22 39 61 3 80
23 80 88 88 24 77 59 63 86
2 72 56 24 53 42 93 55 91
23 32 58 12 30 45 88 96 67
79 9 71 60 32 3 48 73 28
8
84 91 64 86 15 72 10 20
14 3 76 5 79 60 63 43
90 9 31 39 28 10 48 51
22 33 55 23 6 35 0 90
78 16 76 93 88 86 13 2
41 41 60 72 1 75 15 44
36 98 83 65 61 83 16 35
16 71 58 74 6 11 64 84
8
92 29 68 30 95 70 24 36
82 96 90 58 64 34 94 14
69 11 27 52 28 63 21 51
73 95 10 84 12 46 64 56
76 32 87 71 54 11 59 89
59 49 47 23 83 93 90 4
5 17 57 33 80 30 36 54
77 46 90 41 93 6 98 21
9
37 44 45 0 3 34 59 5 81
83 40 26 25 45 31 42 54 16
23 84 53 29 13 51 19 55 96
26 5 17 16 42 13 61 42 17
47 1 74 80 36 14 7 61 59
38 4 65 7 79 49 12 60 63
63 79 70 60 57 75 29 26 69
43 39 11 12 87 64 86 19 53
0 26 14 12 17 70 77 24 1
10
36 61 94 51 93 16 11 2 91 41
28 12 36 68 23 48 7 39 34 26
92 86 5 59 50 22 81 80 98 83
11 86 96 57 37 89 73 1 92 16
94 72 28 30 92 3 78 99 42 64
78 35 50 83 94 53 57 27 85 55
10 96 93 59 53 30 48 78 83 92
94 77 17 22 7 9 25 37 61 19
1 91 54 4 74 0 57 83 28 94
90 90 90 83 49 95 65 50 73 49
5
67 26 11 41 86
73 18 23 34 37
25 25 44 29 51
96 38 34 76 32
24 67 74 59 68
10
24 70 42 73 17 61 52 80 54 38
53 72 61 39 61 38 16 57 67 67
54 57 53 30 41 29 49 15 88 70
36 13 92 78 38 9 91 90 90 45
28 95 69 42 35 31 80 3 88 0
23 94 57 76 25 51 58 26 66 46
96 3 11 41 33 50 50 25 92 92
22 21 40 92 63 27 23 95 30 63
95 53 58 5 82 35 56 40 13 22
38 62 77 2 3 63 4 5 40 96
9
62 17 90 54 32 17 29 28 47
45 23 53 55 80 35 42 36 27
55 11 17 17 40 19 20 3 23
78 43 20 28 58 89 18 64 74
35 46 2 82 91 77 87 46 58
22 40 46 1 95 57 19 13 98
90 85 53 66 63 97 38 91 7
79 61 71 53 96 17 7 31 60
37 18 58 47 93 98 93 94 46
4
65 11 1 8
96 6 26 12
55 64 55 62
95 17 86 1
6
55 8 96 16 97 15
26 44 8 77 90 54
23 45 20 34 98 80
82 4 6 46 60 22
2 22 17 71 8 70
88 16 79 85 32 28
3
10 25 12
87 15 66
10 60 38
5
58 18 79 14 76
25 74 98 27 49
68 50 9 38 39
25 69 76 9 98
28 20 23 40 7
1
6
1
2
8
66 12 15 45 26 44 71 1
94 50 2 62 1 11 53 92
37 74 68 46 24 96 66 47
88 26 89 46 48 91 43 14
55 59 60 82 55 83 35 49
33 37 64 86 48 17 30 37
91 98 84 16 46 2 15 86
80 57 33 28 0 76 95 56
8
7 90 42 90 77 92 75 66
56 62 66 25 92 4 68 43
88 36 41 42 4 28 23 61
61 3 61 37 98 17 25 5
59 19 47 36 11 23 2 19
37 69 44 81 73 13 24 13
1 18 55 5 46 30 66 59
34 28 48 32 97 73 90 57
6
37 45 56 12 48 28
49 69 72 31 42 37
7 7 39 25 62 44
23 45 63 82 79 43
31 63 40 56 53 49
1 43 95 10 55 95
9
57 64 62 40 58 0 47 65 91
25 79 87 0 24 50 83 55 45
66 19 38 74 24 87 28 67 34
38 75 81 28 32 97 90 72 7
42 71 24 33 48 4 73 49 80
75 84 88 21 50 7 59 24 31
98 4 51 85 42 26 66 22 10
16 13 82 23 7 5 48 93 54
4 66 3 36 41 87 24 14 89
4
73 65 67 24
70 18 9 64
44 27 87 6
43 52 88 19
10
45 67 52 99 23 70 54 59 64 41
36 78 82 19 4 48 86 28 18 4
89 34 0 16 21 6 12 73 46 31
33 44 50 37 43 73 8 98 32 24
91 68 2 26 88 58 74 26 38 44
83 27 78 35 96 0 42 8 25 40
91 10 84 41 48 80 14 8 30 46
32 73 67 86 99 7 45 73 33 83
69 16 63 48 4 59 0 46 19 25
38 10 36 75 51 36 55 65 44 37
4
28 10 30 14
10 37 11 35
23 47 5 91
10 5 95 21
6
93 40 82 84 50 70
59 1 6 66 18 2
3 81 30 13 12 97
75 1 8 11 76 55
16 20 65 21 15 86
78 61 78 60 45 28
4
56 81 89 74
99 44 77 81
74 42 45 71
70 98 32 81
6
87 49 95 5 22 62
43 0 75 22 12 20
2 95 28 84 37 2
83 81 31 16 7 74
13 31 44 12 63 77
39 50 26 86 55 48
1
99
1
76
4
12 48 75 8
77 59 97 79
95 78 63 63
85 37 29 16
4
41 31 10 32
82 88 18 89
36 70 40 36
46 13 0 95
2
60 24
52 57
6
47 87 18 63 25 7
92 93 40 85 25 2
17 7 90 87 96 78
9 89 66 56 2 67
3 43 27 27 96 37
34 95 24 53 10 49
1
2
6
1 39 20 55 56 27
46 95 75 24 5 16
91 13 19 10 16 14
89 95 62 26 29 10
3 82 20 4 95 75
99 48 66 19 3 75
9
49 70 26 26 27 42 69 40 13
79 8 80 68 55 94 47 85 56
50 19 29 6 66 4 58 14 70
77 18 97 28 19 68 6 45 47
0 14 40 66 93 0 98 14 56
92 61 93 49 63 64 78 21 31
34 79 45 56 9 15 54 89 35
74 95 32 21 95 47 13 13 92
14 11 6 22 4 19 15 5 34
2
35 56
62 69
8
60 77 96 75 83 85 62 57
80 95 31 28 94 44 41 86
10 5 93 32 9 64 99 66
99 31 1 7 45 22 94 5
99 91 33 35 76 47 92 9
42 75 89 88 72 82 75 82
87 20 67 48 84 18 14 35
49 67 42 95 41 37 52 41
1
37
9
8 85 20 17 79 96 58 68 20
41 43 2 28 15 21 29 99 40
95 35 41 63 77 88 4 66 41
97 46 30 25 55 15 98 24 47
46 83 15 66 24 10 20 4 25
42 33 76 34 81 11 75 44 41
16 0 7 57 50 6 87 27 61
55 77 37 2 23 20 69 41 96
31 62 1 56 56 86 84 90 67
7
17 63 89 33 16 96 42
18 54 82 45 67 89 75
5 91 98 77 12 92 74
43 54 27 51 10 13 35
52 33 83 21 48 72 7
64 21 49 34 75 83 32
95 72 7 0 15 57 77
8
49 3 22 3 30 25 65 96
61 69 29 96 43 77 69 50
94 42 51 80 17 35 12 64
7 19 64 23 77 94 2 78
97 25 82 80 50 99 76 63
21 57 60 64 86 81 14 80
23 65 13 92 0 25 57 60
97 73 35 74 67 37 4 17
5
86 97 65 38 25
80 59 82 92 75
68 73 89 1 96
6 14 41 7 39
98 19 36 71 54
3
91 91 19
8 58 57
57 75 95
3
55 6 16
48 81 84
73 22 85
1
29
2
11 88
43 61
8
31 32 13 46 23 4 65 83
14 22 92 89 70 74 45 76
42 45 10 27 18 32 64 40
61 68 3 1 11 64 8 42
49 21 40 24 78 5 8 44
28 52 34 50 79 79 26 21
24 88 48 94 21 65 35 34
33 38 36 44 3 96 38 4
1
79
9
0 36 88 44 16 41 78 66 20
9 93 41 85 81 42 80 54 7
15 89 92 5 77 88 8 73 26
12 95 57 93 95 94 81 92 10
74 70 77 94 32 22 88 17 55
82 49 62 89 16 3 33 22 80
21 82 5 99 47 53 57 40 48
3 73 92 13 48 15 42 94 47
16 82 16 24 64 66 38 5 34
2
38 56
73 11
2
78 11
38 31
9
78 32 71 3 24 36 51 91 31
46 38 99 80 55 75 45 73 13
2 7 54 93 16 27 4 7 58
15 45 41 35 75 73 58 78 50
47 82 41 30 80 32 29 60 39
5 57 12 18 60 71 25 53 87
52 9 94 10 77 91 4 64 18
29 23 49 79 22 31 73 52 11
57 33 71 96 38 81 60 9 41
2
34 46
71 38
6
17 1 84 9 5 49
79 34 72 28 66 46
59 91 98 22 48 83
46 96 74 27 56 83
68 87 69 66 10 59
73 28 12 58 89 17
8
68 4 31 97 22 77 8 13
27 31 13 10 77 9 84 56
17 19 24 56 40 42 67 0
15 47 12 73 36 82 80 56
86 63 5 60 40 14 25 67
97 90 30 26 51 14 82 68
34 58 24 26 0 43 26 67
90 39 41 78 73 73 35 11
8
40 71 29 6 96 49 55 86
79 81 37 93 15 57 79 25
81 6 25 77 84 45 67 75
38 98 48 63 33 59 52 25
82 82 84 78 31 39 16 10
73 5 55 88 62 87 14 96
45 91 73 81 36 92 57 74
90 57 90 75 17 42 53 51
5
37 30 7 28 98
17 1 56 25 90
18 64 56 66 9
47 91 90 36 36
99 62 26 57 52
5
26 95 7 77 71
96 59 79 24 58
48 26 66 73 68
84 89 76 3 98
75 94 41 11 30
1
26
10
49 30 15 75 77 22 53 49 70 12
80 46 22 28 72 88 54 92 25 43
68 28 42 44 74 35 7 5 27 85
66 77 16 81 52 93 55 57 94 25
70 74 71 44 3 96 33 57 40 10
52 61 90 46 5 64 81 64 21 9
50 87 38 18 68 90 63 75 48 58
52 70 84 24 14 39 72 99 48 64
61 1 25 51 47 82 16 29 47 89
90 49 77 28 19 97 70 82 25 70
3
77 40 29
53 7 68
25 6 69
3
20 70 67
71 69 50
39 50 49
10
92 50 58 20 21 7 43 55 32 13
0 62 54 29 15 61 49 93 19 70
35 39 40 2 63 62 4 2 12 53
83 57 55 41 77 76 1 72 32 33
86 32 95 92 13 63 5 14 56 76
85 91 16 77 45 31 39 50 33 4
55 17 61 11 10 90 39 11 63 23
97 49 7 44 93 20 7 98 35 63
74 20 6 42 97 52 73 89 2 59
93 9 28 54 20 90 44 12 2 59
6
51 60 43 95 53 63
55 3 50 70 30 22
77 72 20 81 98 61
35 9 54 44 37 60
65 27 56 29 81 16
64 32 76 59 80 82
6
87 85 25 57 15 48
86 40 20 19 90 81
54 99 87 99 88 47
16 67 3 45 1 71
61 85 48 21 65 82
96 4 67 21 14 35
2
52 27
93 72
8
26 26 16 13 77 56 12 93
23 68 90 24 39 52 10 87
73 27 21 21 84 41 94 98
76 16 50 3 61 22 20 40
1 88 53 78 96 18 72 19
86 14 96 25 66 58 65 91
37 86 64 21 27 59 19 55
27 70 58 40 44 30 80 45
1
34
5
66 4 48 38 90
62 86 15 81 44
80 24 81 19 89
55 46 0 74 2
27 96 12 67 41
6
48 86 17 34 10 36
38 10 74 80 73 60
95 6 56 28 30 89
99 71 44 45 71 71
99 50 67 64 70 8
11 70 95 28 56 57
7
94 68 90 26 93 2 73
99 10 1 81 0 52 53
44 50 76 67 1 79 35
65 1 43 28 71 90 9
27 0 25 73 20 16 99
13 70 72 64 81 26 45
33 78 50 29 28 79 97
1
58
3
47 59 27
76 82 70
37 9 70
3
34 42 30
33 55 53
57 19 34
6
16 67 14 67 96 94
46 45 76 56 77 76
67 5 4 49 27 41
10 97 55 96 39 86
81 46 39 38 17 25
26 33 44 92 52 92
7
50 38 15 6 15 43 25
72 47 26 99 40 88 48
95 84 39 81 65 85 72
56 54 97 82 40 41 74
92 34 12 43 72 79 1
39 22 79 12 69 5 63
61 94 12 57 30 3 90
9
41 63 4 95 12 38 35 54 64
80 40 76 75 64 56 76 3 30
7 67 0 13 31 13 59 95 70
41 98 61 89 39 76 45 87 88
83 22 94 47 54 86 76 29 50
84 58 6 14 65 25 66 30 8
80 89 55 50 83 54 63 72 45
91 18 32 80 53 7 26 53 61
65 81 91 67 65 49 73 79 14
2
98 45
59 78
7
15 80 69 21 96 94 18
87 64 51 19 69 10 98
22 71 63 3 14 30 20
15 56 52 82 7 50 79
18 28 65 85 60 87 58
56 33 77 96 97 80 15
66 90 13 41 13 28 96
1
59
8
95 15 69 77 74 19 56 44
99 74 30 59 13 40 68 46
17 16 95 49 31 13 91 97
54 5 77 51 85 36 20 32
3 89 10 29 60 18 74 59
44 56 70 57 48 90 55 66
6 50 67 90 16 59 39 22
16 16 25 1 5 45 33 60
7
95 90 46 14 16 57 58
24 80 68 72 70 23 90
29 26 58 71 94 69 10
16 85 78 42 38 83 87
23 96 74 19 86 72 85
54 82 95 78 62 63 50
84 39 41 13 17 51 36
4
20 46 79 5
77 21 95 12
61 18 8 87
37 46 11 74
1
93
1
78
6
85 81 40 76 74 5
45 25 42 8 97 40
40 54 69 61 49 82
74 67 90 61 57 37
73 31 89 66 53 68
74 91 1 66 19 75
4
17 0 17 77
49 10 17 3
79 31 52 61
5 71 4 19
9
93 44 12 82 62 17 2 36 60
3 2 80 78 78 49 30 95 26
31 5 44 34 85 75 38 98 80
62 2 51 42 47 95 6 82 58
24 36 94 36 40 49 16 70 27
17 53 22 44 84 28 88 71 65
63 61 63 95 75 18 47 18 17
42 24 99 52 0 36 47 37 28
48 5 50 75 23 3 49 67 40
10
7 63 46 22 76 10 17 4 80 16
22 49 11 98 49 63 51 37 62 88
17 10 45 67 37 68 23 39 87 63
68 94 78 67 16 6 29 86 10 9
2 84 58 65 83 59 29 34 48 43
74 65 54 19 33 91 40 56 82 27
71 51 22 1 70 38 59 99 24 70
8 79 54 18 44 89 30 25 75 78
69 1 96 75 21 81 18 61 37 1
88 60 4 62 13 74 1 72 73 77
3
33 8 49
3 5 90
33 82 66
5
3 67 12 78 40
93 97 53 30 50
94 42 54 56 55
28 9 27 53 39
22 86 99 71 89
5
13 75 87 79 91
42 99 3 21 91
96 70 45 78 20
91 20 74 99 27
54 61 54 7 0
9
45 99 51 86 56 65 61 95 44
52 37 95 7 10 39 3 80 36
81 52 27 53 78 26 80 32 87
87 91 39 15 88 91 67 75 47
32 36 42 28 41 31 76 48 42
15 4 74 51 37 27 30 43 5
56 75 90 96 62 33 35 30 22
26 49 97 25 33 85 19 13 26
51 89 27 45 56 83 19 7 72
9
37 15 4 46 91 46 94 5 79
81 87 53 60 36 50 85 21 88
5 35 66 8 76 45 53 85 28
24 92 1 23 82 68 79 80 59
25 74 17 56 55 4 62 15 93
64 53 14 52 10 1 19 18 30
64 23 15 45 47 59 98 22 93
66 1 73 78 78 99 95 87 7
99 49 22 44 65 27 59 18 37
3
89 55 42
5 30 57
50 30 69
9
52 62 67 6 88 45 36 87 92
75 94 43 76 69 88 42 96 99
60 34 11 49 41 6 54 72 15
57 54 84 57 6 99 76 64 87
21 53 74 65 28 21 9 5 90
49 47 38 48 59 72 11 60 66
17 66 90 85 23 44 69 33 2
20 9 67 7 83 20 82 48 0
3 9 5 45 10 4 83 58 63
9
22 75 74 91 42 16 76 17 60
98 2 62 18 12 81 26 47 53
60 47 6 15 57 11 60 67 68
43 78 83 51 52 59 77 43 53
93 72 22 5 22 25 20 40 89
53 18 88 59 30 35 65 45 92
28 5 12 96 1 42 32 4 94
43 82 89 96 27 61 70 33 83
47 53 76 88 6 46 76 65 77
3
82 22 56
11 28 20
59 81 62
2
85 8
34 67
9
82 47 11 53 80 47 52 85 75
41 43 21 17 61 98 29 43 21
38 6 1 58 66 82 21 57 19
81 44 39 31 26 86 95 31 18
42 84 3 17 77 98 38 94 11
89 76 55 62 14 13 63 72 79
97 45 89 68 79 33 7 10 11
93 5 43 63 99 79 18 68 56
17 59 2 28 48 78 35 10 44
10
25 69 80 74 14 69 42 93 54 50
56 66 95 61 61 59 13 40 77 81
96 46 40 98 27 88 29 62 98 73
63 75 42 96 49 9 65 92 54 72
94 10 38 89 24 99 0 37 39 78
18 87 76 59 37 3 99 66 18 50
92 33 25 34 29 75 95 47 19 50
19 13 60 57 2 84 8 3 73 99
33 92 86 61 3 23 65 54 42 35
4 34 68 82 20 98 9 68 45 28
9
64 41 30 73 95 15 81 50 40
80 35 32 18 97 87 93 14 42
87 49 98 21 17 80 94 15 89
14 12 69 32 28 10 14 53 58
81 86 60 22 18 96 54 36 45
94 82 59 36 69 8 34 43 25
67 89 93 56 3 57 26 87 86
88 1 91 98 83 78 59 5 96
7 11 85 52 5 67 11 93 88
10
80 31 96 47 20 89 3 23 47 81
10 85 22 64 76 20 47 6 31 4
55 38 15 92 42 73 11 53 66 99
24 46 31 21 45 51 10 1 27 9
82 89 94 56 53 23 29 52 81 60
56 88 51 24 80 93 97 91 99 15
91 23 14 22 44 59 25 7 60 4
16 95 94 63 3 47 38 32 52 19
45 60 8 96 84 88 41 33 32 40
49 75 64 15 97 60 26 74 67 39
10
84 34 25 47 89 24 85 22 76 56
67 37 64 63 21 5 56 7 89 97
8 64 13 23 13 73 49 87 41 88
18 77 74 43 76 64 68 61 38 44
69 5 33 86 20 7 91 76 14 32
25 22 96 38 97 9 12 98 48 5
87 67 82 13 62 58 29 82 71 67
79 40 72 12 78 44 19 21 21 85
53 46 7 49 37 56 10 1 55 59
6 94 78 40 7 40 98 37 23 21
5
2 13 29 66 92
73 86 13 46 23
19 45 83 68 82
39 79 83 94 90
89 88 68 81 48
1
31
6
35 52 41 37 17 22
56 61 48 94 27 94
17 46 39 0 66 21
40 97 56 34 87 97
75 7 78 23 68 9
60 3 13 53 93 31
7
49 44 24 43 71 70 60
69 10 61 36 83 53 33
92 39 73 89 14 80 68
89 48 29 49 4 43 55
49 26 83 98 70 7 93
94 29 5 63 39 18 99
75 71 85 67 11 58 8
8
90 28 67 91 58 68 95 53
75 44 79 58 94 1 17 39
47 47 44 11 38 63 62 13
34 99 32 97 57 41 27 48
21 94 39 79 14 86 32 90
82 63 0 28 17 18 67 64
65 11 27 55 74 42 21 61
41 5 58 51 98 85 51 20
2
42 99
98 28
5
40 62 47 40 90
16 10 57 33 27
20 60 83 95 54
4 56 96 9 66
99 60 4 50 80
6
92 79 85 72 63 25
34 63 18 76 31 28
85 64 56 5 77 91
52 31 95 60 79 56
27 78 16 83 80 48
70 24 28 56 96 43
2
82 58
51 10
1
80
6
6 88 53 83 79 5
67 26 18 98 34 45
29 3 80 9 51 50
34 79 6 82 75 40
65 85 91 27 75 71
23 82 59 28 17 90
6
36 16 3 35 51 0
64 54 80 73 5 31
59 37 37 42 64 77
59 49 69 86 77 92
61 11 4 89 28 94
75 65 11 78 52 14
10
16 68 59 41 25 90 1 62 80 43
78 57 2 28 78 88 5 23 2 16
79 91 96 73 66 13 36 45 65 2
76 81 70 35 23 48 78 24 62 58
19 41 67 73 69 98 13 26 73 15
42 52 7 90 77 25 4 66 22 69
68 98 51 91 86 26 39 16 2 1
74 21 94 93 94 63 91 59 41 64
75 83 68 34 26 46 59 30 12 82
99 32 80 2 23 18 28 14 34 30
7
60 3 62 54 49 26 97
9 67 14 36 3 82 70
81 80 29 11 44 11 10
29 44 65 52 14 45 19
49 28 35 9 31 49 15
33 75 13 94 95 79 30
50 13 0 31 94 81 94
1
45
7
19 41 21 24 55 67 43
4 95 30 66 78 79 81
63 7 46 57 2 25 87
4 39 39 87 85 73 81
27 18 37 47 59 11 23
14 78 66 71 25 96 37
55 75 18 19 34 17 76
9
42 16 92 33 7 31 70 80 12
50 50 2 97 61 13 72 76 43
38 47 20 86 36 75 13 6 46
48 23 23 36 18 91 29 3 50
60 26 83 25 76 33 27 25 95
92 97 23 35 35 22 55 21 58
82 34 64 29 82 40 4 71 58
47 0 61 97 12 39 80 89 15
66 68 40 61 60 37 36 47 72
9
54 45 68 37 32 32 66 66 24
22 37 82 69 89 96 66 54 35
99 43 3 65 12 43 78 24 81
14 72 5 24 26 51 92 63 83
76 81 49 1 3 39 35 72 28
83 91 82 71 90 26 74 55 90
17 33 14 50 99 86 56 23 65
59 67 80 42 43 14 43 96 17
82 32 42 63 67 33 45 38 75
4
12 30 13 82
15 28 32 66
66 88 89 83
47 56 64 41
2
78 37
48 47
2
32 41
34 99
7
32 90 1 55 54 83 69
36 98 49 69 64 67 9
5 51 9 13 67 2 65
97 91 65 96 63 49 38
49 48 16 81 38 18 89
93 1 58 81 52 59 2
68 78 64 74 81 73 39
9
27 56 97 19 21 46 34 70 84
35 71 52 69 61 70 58 6 24
68 88 76 27 90 44 5 6 70
39 79 10 39 59 66 37 30 40
83 64 10 19 99 33 71 20 95
94 78 1 18 46 41 46 25 84
90 83 90 13 22 22 23 61 81
89 50 11 29 33 27 92 4 78
25 76 99 72 22 77 74 40 76
6
86 1 99 28 36 42
41 58 64 64 72 45
6 22 8 87 8 35
31 12 65 57 40 64
29 62 94 55 2 22
23 40 23 74 69 12
7
10 70 80 27 94 77 85
17 85 24 25 72 56 37
38 65 78 54 46 40 0
2 95 22 77 35 98 51
56 10 68 19 32 48 98
27 26 83 44 63 7 69
36 15 58 26 80 88 32
10
81 33 33 28 55 10 63 53 61 72
63 29 91 96 30 89 23 56 24 19
71 83 40 59 99 98 85 31 39 18
10 20 3 95 48 58 5 63 12 67
35 27 48 78 23 78 67 98 86 91
17 58 75 9 17 26 60 55 57 99
25 20 71 28 15 71 86 73 34 50
92 22 78 40 0 53 71 20 52 57
63 21 67 38 83 37 16 43 92 74
94 69 46 65 97 13 36 35 86 22
9
78 96 16 71 49 69 42 69 73
51 84 47 19 23 30 56 39 25
0 65 19 21 63 84 18 77 72
5 15 46 43 46 95 11 17 44
33 59 65 58 62 49 5 81 24
87 89 16 12 41 33 83 62 97
67 32 26 91 90 41 90 85 39
85 97 56 81 30 67 46 88 30
47 46 63 72 85 5 40 50 98
4
33 61 70 53
45 48 96 35
42 86 73 81
71 70 90 52
3
57 50 92
39 98 38
55 22 76
1
62
7
10 35 11 71 58 64 69
58 61 56 0 99 29 34
71 99 24 75 3 33 78
96 25 28 86 80 50 62
92 64 40 2 99 52 26
9 16 47 68 29 3 20
29 85 54 52 36 30 79
1
64
8
36 89 85 22 21 87 37 65
51 77 19 3 29 97 64 98
44 84 27 0 5 56 85 11
60 21 42 40 13 6 97 1
47 35 24 20 22 13 85 26
42 56 29 72 54 45 22 98
30 49 98 35 58 35 98 18
57 40 10 22 98 8 24 97
6
0 17 17 13 54 95
55 11 24 79 65 70
1 15 52 3 14 39
13 1 37 83 58 78
94 33 28 54 57 26
49 57 43 66 22 50
3
77 61 38
9 78 60
10 93 12
6
59 3 78 61 41 62
71 19 8 4 99 62
13 25 11 70 21 29
92 71 43 22 84 82
83 14 94 93 59 59
11 19 62 41 32 3
4
3 74 11 60
74 25 73 51
36 96 72 66
40 95 9 62
2
43 97
45 38
2
5 49
54 76
2
95 8
67 51
2
41 14
23 67
1
49
10
76 45 43 94 85 39 4 0 70 99
97 68 37 40 73 38 46 49 50 42
57 69 93 20 62 7 96 30 47 45
1 76 42 44 70 79 35 74 79 58
26 29 26 63 21 51 54 68 52 56
62 61 25 55 33 87 14 29 69 14
26 70 90 68 67 12 48 2 39 79
12 65 8 38 80 82 41 34 50 93
90 64 54 15 19 88 55 85 69 24
99 96 47 41 64 14 54 64 68 45
5
81 10 4 71 90
86 65 25 88 58
15 52 65 83 23
5 38 61 26 14
12 22 61 54 39
6
60 3 96 5 99 29
15 4 0 57 42 17
82 31 28 50 35 93
33 11 50 23 72 76
37 84 51 99 90 90
26 50 45 22 7 45
2
74 1
4 32
4
21 66 26 49
16 62 94 1
25 44 24 97
73 62 81 24
4
72 14 39 74
11 62 34 56
65 60 57 69
92 53 43 59
10
92 27 93 39 29 18 83 5 15 8
67 49 32 32 73 98 72 47 10 86
33 18 3 94 76 73 38 81 16 49
60 60 77 6 99 6 24 35 11 92
43 31 41 76 15 14 74 39 13 36
25 99 55 81 93 83 54 31 64 22
81 24 82 10 30 34 16 7 69 79
99 12 62 92 40 78 58 67 17 23
3 95 22 58 76 67 41 30 99 5
4 32 82 38 42 64 72 10 23 41
10
22 6 4 66 46 82 76 13 99 0
17 46 74 27 22 42 69 4 93 26
8 77 60 47 19 25 71 81 48 13
22 23 71 26 41 17 8 18 83 60
70 52 58 44 79 81 38 0 85 31
79 46 8 39 45 79 64 16 60 65
81 35 88 52 61 81 22 22 99 57
34 69 9 92 66 40 73 4 41 11
88 20 9 96 11 6 28 76 74 40
93 56 75 81 60 37 62 34 11 14
2
45 35
52 37
2
93 63
6 34
7
46 6 35 42 17 93 22
45 67 63 38 75 38 71
36 27 86 22 90 0 66
35 35 18 25 89 11 40
47 45 66 93 3 53 87
73 46 10 18 13 25 57
89 15 80 77 95 66 51
6
18 17 21 54 36 98
95 47 38 42 45 56
87 0 61 74 73 59
36 44 24 61 53 65
29 33 42 24 0 46
9 18 63 82 24 51
1
71
10
70 13 96 26 52 96 39 27 22 98
15 66 23 77 19 88 58 52 83 82
4 29 43 23 92 78 99 96 58 71
95 81 36 43 59 89 91 99 68 13
97 83 79 72 12 50 61 70 3 44
52 59 73 48 34 17 26 34 13 36
57 60 17 93 3 29 34 47 80 2
60 77 86 92 2 98 42 63 69 97
7 73 57 32 73 91 1 99 77 67
88 34 27 5 80 83 86 14 30 66
8
42 96 3 34 98 53 29 61
74 26 20 48 83 4 73 27
5 73 4 72 61 39 52 18
19 35 57 85 17 23 2 59
19 57 46 69 63 75 82 37
1 2 37 37 6 11 64 64
36 68 36 97 59 40 67 30
27 24 16 44 0 70 56 71
1
54
2
43 29
23 80
3
78 70 19
84 81 35
0 17 56
8
66 15 77 85 98 5 62 14
1 62 36 9 33 16 63 26
59 92 50 92 27 28 62 46
64 95 34 65 64 90 54 82
57 83 67 55 40 81 21 94
43 58 3 29 74 67 55 86
11 5 78 38 85 92 37 2
87 23 19 51 13 73 33 22
9
52 78 49 34 51 95 77 9 98
58 36 17 14 22 81 71 52 71
57 44 8 11 83 83 30 34 96
3 19 71 63 71 49 64 57 0
59 87 62 58 45 50 27 59 24
8 31 28 80 40 72 40 51 7
24 81 41 72 36 12 43 51 83
92 16 41 45 75 80 59 33 25
61 61 85 85 21 68 13 1 60
8
42 63 44 66 96 37 38 84
49 82 35 84 26 51 77 23
27 57 34 12 83 95 25 20
80 47 40 45 48 0 82 42
63 26 8 11 63 99 95 64
33 30 49 11 82 26 35 61
84 21 73 19 17 51 39 49
98 79 95 98 31 77 93 46
7
53 57 71 52 52 36 37
34 37 49 68 63 84 29
99 57 55 18 74 6 9
76 56 88 71 6 71 0
99 69 8 53 26 80 57
30 68 95 17 57 44 85
20 80 15 72 37 70 90
5
28 0 40 84 40
11 42 64 63 42
33 72 47 12 4
4 94 24 51 11
81 95 97 53 27
5
25 65 86 68 81
14 20 21 50 12
84 92 76 47 86
62 71 33 74 75
38 68 99 41 80
3
37 77 86
16 41 63
81 27 31
3
93 51 35
43 64 19
87 92 67
5
54 90 7 28 66
97 97 17 39 29
50 28 6 88 44
99 51 78 78 83
92 23 86 28 18
3
47 5 95
66 79 49
57 87 30
6
36 27 92 75 56 94
55 14 82 0 65 86
30 95 21 22 70 7
50 88 10 50 93 5
68 73 6 77 12 36
4 48 15 97 76 23
4
83 89 78 83
6 64 13 1
85 88 71 44
38 59 54 40
6
11 61 78 70 38 42
6 43 90 74 92 18
97 87 2 87 65 37
93 81 3 47 18 91
70 63 81 82 69 22
87 81 83 65 3 73
8
61 68 49 35 60 20 33 0
74 72 65 11 17 99 66 16
17 57 87 80 39 69 50 13
8 83 48 73 86 21 32 47
42 33 35 2 5 20 54 79
92 20 91 61 71 9 78 88
67 65 69 58 86 71 71 94
54 71 19 92 92 3 39 34
9
74 89 94 46 43 73 38 15 16
52 38 26 30 27 45 47 48 3
85 19 26 79 25 97 50 17 41
53 56 28 93 83 69 87 29 64
13 20 80 81 72 18 7 54 97
4 1 45 7 38 64 85 17 89
82 19 58 24 24 15 4 17 50
73 5 31 37 18 3 69 51 27
40 59 81 37 15 34 83 23 72
10
60 41 41 43 60 99 19 84 66 23
2 68 96 59 52 85 29 7 55 80
35 95 91 68 84 7 55 19 82 79
71 42 21 12 37 33 63 56 70 82
31 24 2 79 83 54 65 64 62 72
44 49 19 88 17 3 95 72 75 29
52 46 23 25 10 61 10 73 69 80
7 1 4 10 32 39 16 97 3 78
21 0 79 40 40 97 96 87 21 71
16 25 17 91 2 27 52 13 52 22
4
12 75 50 22
7 41 90 57
97 21 30 49
0 23 89 49
10
76 71 90 92 48 59 35 51 38 88
64 42 62 9 54 89 11 28 48 53
19 57 50 40 88 99 92 11 40 42
30 16 13 72 60 13 83 95 64 73
83 80 15 97 42 22 86 53 50 87
58 21 44 60 13 32 59 6 95 51
48 77 67 13 1 27 26 84 75 91
57 10 23 25 8 65 47 46 19 49
33 77 23 78 38 88 62 49 94 58
1 42 35 20 7 37 48 34 73 23
8
83 33 0 8 93 66 7 92
85 8 25 14 83 55 4 72
70 6 66 28 7 61 15 27
68 52 27 54 78 2 31 61
88 32 21 33 98 28 25 35
88 3 1 72 10 6 96 80
12 62 60 71 75 76 50 96
80 30 50 58 84 82 71 72
7
92 58 16 72 83 3 61
86 56 85 49 62 81 29
26 95 90 49 71 18 52
19 98 82 69 9 66 3
80 91 21 73 49 37 45
32 92 58 71 49 95 20
63 76 1 42 24 91 91
8
9 95 66 60 77 35 69 44
91 1 35 12 74 36 2 72
68 46 82 91 95 78 63 11
6 65 53 82 8 96 29 70
92 95 30 21 83 51 65 74
52 52 38 27 40 40 51 9
39 33 52 34 63 16 45 22
33 50 4 41 99 34 11 91
0
