13
1 2 12 7 9 1 13 0
2 2 8 0
3 10 11 6 9 2 10 11 1 2 4 0
4 12 6 10 10 11 13 0
5 11 13 12 12 7 1 0
6 7 12 4 0
7 6 5 2 12 13 0
8 1 1 10 13 0
9 6 4 7 10 12 0
10 2 6 3 6 4 0
11 8 8 7 0
12 8 1 2 3 6 0
13 2 2 13 10 11 0
0
33 12 4 10 13 3 13 8 10 9 1 9 12 1 6 9 7 13 1 8 4 10 10 3 10 6 10 10 5 12 5 6 12 3
81
1 6 61 40 0
2 54 28 48 48 40 0
3 59 13 9 45 0
4 22 68 36 8 18 6 43 59 32 21 0
5 66 58 15 41 59 0
6 61 17 26 13 21 40 19 27 0
7 10 12 16 54 0
8 17 46 37 35 45 12 76 48 26 31 0
9 20 62 68 0
10 31 36 69 80 9 0
11 68 19 71 50 73 12 8 62 0
12 76 72 64 52 0
13 30 34 50 47 24 64 0
14 73 0
15 10 1 17 68 10 50 23 43 0
16 75 60 54 63 57 17 38 0
17 27 79 65 0
18 38 28 58 0
19 80 11 72 45 0
20 75 30 0
21 1 61 52 0
22 26 8 32 55 23 39 20 31 1 0
23 45 14 3 65 11 0
24 25 0
25 33 15 11 58 63 33 0
26 56 54 7 50 68 10 2 49 0
27 50 53 0
28 31 0
29 12 0
30 69 50 70 0
31 36 43 38 54 48 19 18 26 0
32 3 0
33 21 73 0
34 79 53 14 0
35 26 32 52 68 34 54 0
36 58 0
37 32 71 61 77 0
38 22 24 34 23 8 72 47 43 75 0
39 57 4 41 27 55 0
40 38 34 55 26 78 22 13 36 0
41 3 23 58 0
42 48 3 19 0
43 81 59 55 0
44 74 10 10 42 32 28 0
45 50 27 7 25 17 52 72 64 0
46 31 1 43 21 63 39 14 0
47 40 78 32 45 54 21 0
48 1 64 46 1 75 66 0
49 61 0
50 36 40 8 6 2 19 80 13 47 0
51 24 7 49 77 60 71 67 0
52 48 10 5 0
53 76 2 31 2 0
54 40 53 61 28 43 0
55 35 13 3 0
56 48 71 70 13 69 58 15 10 64 28 0
57 59 55 34 56 0
58 53 52 48 74 72 0
59 44 0
60 22 53 2 7 30 77 47 42 36 54 0
61 29 13 56 30 16 52 78 12 30 30 0
62 31 72 43 79 0
63 41 27 67 67 57 41 67 10 60 44 0
64 46 16 29 0
65 25 17 9 61 0
66 56 60 2 37 19 40 78 71 0
67 78 22 55 55 79 68 39 69 47 0
68 39 0
69 38 18 35 55 72 0
70 12 56 77 25 47 24 41 54 0
71 52 46 45 22 65 7 12 0
72 75 50 79 0
73 57 46 55 70 19 50 45 81 43 0
74 50 64 55 60 77 39 60 0
75 62 20 72 34 76 55 24 53 48 28 0
76 45 13 52 9 58 7 34 48 52 0
77 2 49 76 76 37 33 63 0
78 2 71 9 78 26 54 12 24 42 0
79 78 49 29 3 59 81 23 0
80 66 81 27 31 51 66 62 0
81 45 0
0
32 60 4 65 69 21 59 41 55 34 2 17 74 63 56 36 22 73 17 4 42 16 5 13 35 7 29 2 14 34 7 9 30
91
1 11 66 77 46 47 21 62 45 74 0
2 49 25 12 68 7 32 51 44 0
3 71 87 39 86 16 71 0
4 17 84 24 87 87 83 16 65 0
5 28 86 83 49 73 49 0
6 47 28 60 89 56 53 34 90 0
7 16 74 6 3 73 33 37 27 53 0
8 31 64 9 34 0
9 36 87 56 88 25 36 66 24 29 0
10 86 37 18 50 0
11 35 78 2 34 49 71 0
12 4 28 86 90 0
13 34 0
14 47 76 16 18 63 4 48 17 46 2 0
15 50 55 13 46 10 15 84 19 90 0
16 36 56 32 32 44 12 79 9 19 42 0
17 75 78 49 36 0
18 13 12 84 51 0
19 23 84 63 61 13 2 0
20 25 21 41 8 78 52 55 0
21 55 89 87 87 54 82 7 0
22 3 37 84 79 90 58 19 0
23 62 77 45 43 22 23 53 26 0
24 30 35 14 85 47 39 29 70 12 36 0
25 23 41 26 46 6 0
26 5 37 83 79 6 0
27 42 35 69 0
28 63 29 16 2 50 60 0
29 58 9 28 85 50 37 89 0
30 8 90 80 85 14 4 87 30 53 49 0
31 75 21 32 77 10 15 11 0
32 80 57 65 0
33 23 0
34 8 63 48 51 27 0
35 55 0
36 24 45 65 46 29 57 41 89 56 0
37 85 38 21 72 38 85 2 36 0
38 31 0
39 32 75 47 78 72 0
40 37 36 49 0
41 52 49 0
42 16 15 42 56 38 57 30 84 0
43 15 17 68 78 90 5 0
44 78 55 76 29 0
45 73 48 91 5 23 90 37 84 0
46 44 9 27 37 19 35 48 73 82 0
47 81 23 52 68 0
48 24 3 66 83 5 52 79 66 37 0
49 82 91 58 48 62 9 68 21 59 0
50 40 57 76 30 77 2 77 10 83 0
51 69 0
52 17 18 20 16 67 72 50 10 30 89 0
53 23 0
54 78 5 6 75 12 59 0
55 69 0
56 9 50 58 43 53 31 39 31 17 0
57 10 76 62 21 72 6 87 75 5 35 0
58 40 0
59 75 49 73 80 46 32 70 31 5 0
60 15 85 38 87 39 34 64 77 1 0
61 60 5 78 0
62 87 11 10 8 0
63 48 49 0
64 68 42 41 46 25 0
65 52 0
66 37 44 41 19 13 88 44 71 0
67 36 41 64 58 62 24 80 48 18 0
68 35 65 31 0
69 33 14 27 54 21 39 0
70 72 37 0
71 91 82 66 18 81 0
72 67 35 19 64 62 0
73 16 60 56 77 58 0
74 83 72 57 16 66 59 76 73 90 0
75 91 74 80 64 11 28 26 39 26 73 0
76 20 54 42 30 56 13 0
77 88 39 22 22 0
78 24 46 73 84 0
79 9 11 0
80 22 2 42 0
81 48 10 65 77 0
82 71 32 72 88 8 70 47 0
83 74 40 35 0
84 78 81 31 42 29 0
85 6 55 39 58 61 17 54 58 0
86 32 58 31 63 22 37 45 50 18 0
87 10 27 8 34 59 50 0
88 67 47 68 0
89 70 38 82 67 13 0
90 53 13 73 56 27 39 0
91 68 18 55 39 45 70 36 47 87 76 0
0
64 47 85 30 52 26 69 28 87 66 83 85 46 18 45 66 30 73 68 77 84 65 48 8 10 23 78 84 39 87 15 72 11 79 67 8 33 26 47 35 2 14 60 22 80 42 50 17 32 78 91 9 35 62 76 46 64 64 43 48 49 66 65 85 80
27
1 18 3 7 4 2 0
2 22 26 11 0
3 5 0
4 5 17 17 22 10 0
5 7 27 3 5 23 6 19 6 24 8 0
6 17 21 23 14 0
7 1 10 0
8 15 5 16 9 12 6 10 9 14 0
9 4 7 27 25 18 0
10 19 9 2 12 8 3 0
11 26 10 10 8 15 27 25 0
12 20 8 5 0
13 6 17 5 0
14 1 1 14 11 12 27 8 11 6 0
15 4 10 8 12 7 24 9 0
16 5 19 8 0
17 26 16 0
18 19 25 25 4 12 8 27 14 2 12 0
19 15 27 8 16 22 23 0
20 16 18 0
21 21 14 27 27 4 2 2 16 0
22 26 6 26 10 19 17 17 22 2 27 0
23 17 8 0
24 17 27 10 4 27 18 5 11 4 14 0
25 20 16 4 0
26 17 27 0
27 22 18 5 26 17 21 25 7 0
0
74 26 11 11 25 9 26 27 19 24 12 21 19 19 15 16 27 19 16 22 18 20 26 26 23 16 20 10 1 26 11 1 9 11 2 9 12 10 3 11 26 3 8 11 2 11 27 10 25 14 20 10 22 13 3 23 24 16 4 10 3 26 26 9 20 18 23 8 25 8 14 23 12 7 15
60
1 30 2 52 7 38 36 44 26 0
2 34 56 56 0
3 21 5 15 24 11 22 1 18 44 0
4 60 60 9 43 9 49 35 56 26 0
5 27 53 39 44 25 51 45 48 34 0
6 22 2 47 20 0
7 51 51 60 38 13 16 5 47 0
8 36 21 52 29 45 45 15 0
9 7 58 25 59 33 51 54 46 7 0
10 47 47 34 15 49 38 12 28 27 0
11 58 42 3 0
12 12 7 0
13 53 24 21 1 45 13 17 40 44 0
14 30 20 47 36 17 51 0
15 2 39 17 53 28 60 0
16 46 24 33 46 2 8 56 0
17 1 12 33 6 54 13 0
18 55 39 39 51 53 0
19 45 27 38 4 12 54 21 9 0
20 25 0
21 26 1 37 26 6 20 55 0
22 48 21 22 39 43 11 50 0
23 55 33 49 0
24 44 26 43 19 28 51 2 41 50 0
25 11 7 0
26 14 32 56 28 28 14 0
27 15 24 30 60 29 4 15 0
28 29 46 50 51 20 24 0
29 32 48 51 29 0
30 35 11 27 11 43 14 29 4 12 0
31 48 3 41 16 19 0
32 52 0
33 22 10 48 47 45 25 55 6 33 31 0
34 29 13 4 4 28 43 16 41 45 0
35 22 40 26 57 51 14 49 36 49 23 0
36 22 0
37 33 58 2 21 8 36 0
38 9 1 0
39 1 8 51 4 0
40 18 15 44 0
41 34 33 48 5 25 16 51 0
42 38 58 33 27 0
43 44 26 53 50 16 7 31 14 43 44 0
44 3 42 58 23 53 35 37 4 35 5 0
45 20 35 0
46 51 53 38 0
47 31 45 52 60 8 42 42 7 0
48 58 33 9 26 56 26 0
49 18 39 37 0
50 43 41 34 60 60 18 15 41 5 0
51 42 3 0
52 41 21 29 54 45 47 56 0
53 33 0
54 14 53 0
55 25 5 56 56 29 21 0
56 32 23 2 18 20 54 5 0
57 31 9 24 14 25 0
58 52 19 46 26 47 17 35 1 0
59 37 40 8 21 45 25 54 0
60 27 1 58 0
0
58 17 56 59 25 39 44 17 10 27 42 5 17 39 6 18 5 36 24 29 35 50 40 38 11 5 16 24 4 54 17 27 40 16 47 48 36 40 25 4 24 7 33 49 55 15 31 9 46 21 8 52 3 57 16 28 52 22 52
43
1 30 2 36 19 30 19 21 28 0
2 37 7 13 0
3 35 41 8 23 10 25 21 33 8 31 0
4 23 4 21 10 21 0
5 15 30 24 15 40 2 4 0
6 33 21 39 11 29 0
7 3 41 23 0
8 40 16 19 16 27 14 41 2 40 15 0
9 32 27 23 33 0
10 37 22 2 13 8 6 1 2 31 0
11 5 21 31 28 9 18 32 0
12 41 11 20 0
13 21 17 10 40 32 21 20 22 0
14 40 13 39 9 0
15 17 37 40 30 16 21 23 13 40 1 0
16 26 43 0
17 28 0
18 18 16 4 38 14 33 29 2 11 0
19 21 13 0
20 18 22 14 0
21 11 12 0
22 37 13 1 10 37 0
23 29 27 7 27 10 9 0
24 2 23 24 22 10 28 8 35 30 40 0
25 4 4 0
26 13 4 25 0
27 16 0
28 30 0
29 9 41 1 28 28 17 38 0
30 14 0
31 10 33 0
32 37 38 16 7 19 0
33 40 31 26 19 11 19 42 11 36 4 0
34 17 3 4 20 26 0
35 26 0
36 28 31 22 36 3 30 25 38 0
37 25 8 2 23 31 28 24 8 8 16 0
38 11 40 12 14 25 4 0
39 43 29 6 14 1 31 8 41 4 5 0
40 3 27 28 6 13 8 5 22 0
41 18 0
42 13 0
43 28 28 12 10 0
0
30 23 11 28 35 40 7 14 16 17 27 17 12 3 34 41 33 25 42 12 34 20 30 16 10 11 39 16 8 40 42
43
1 43 3 1 35 20 20 0
2 31 6 0
3 26 0
4 9 7 15 22 8 40 37 23 0
5 28 40 26 28 26 31 28 36 0
6 6 7 40 38 0
7 10 27 24 24 0
8 35 9 1 37 35 28 5 0
9 29 6 17 25 36 38 8 33 22 0
10 27 39 22 7 37 25 0
11 14 43 6 3 39 3 12 24 20 42 0
12 34 22 4 27 22 26 5 26 7 0
13 41 16 4 11 0
14 11 15 5 1 5 38 1 6 43 0
15 2 13 2 34 37 24 39 2 0
16 29 8 18 23 7 0
17 41 9 6 33 3 21 30 29 1 0
18 2 41 20 25 20 38 2 27 38 0
19 14 0
20 31 37 1 32 13 38 27 0
21 18 0
22 9 24 9 34 13 11 0
23 26 27 30 6 38 31 34 0
24 18 0
25 12 0
26 16 12 30 10 39 17 42 0
27 30 18 23 25 19 0
28 26 19 39 5 0
29 40 5 19 8 19 6 5 21 0
30 34 2 36 37 32 41 33 26 40 0
31 9 42 11 23 10 3 41 20 8 6 0
32 43 28 18 0
33 6 21 35 28 0
34 17 8 34 38 2 25 0
35 6 4 10 13 30 5 36 31 4 0
36 13 26 40 5 9 0
37 36 42 37 42 0
38 10 40 36 18 26 3 30 0
39 33 15 13 0
40 3 11 42 21 11 0
41 33 15 42 17 0
42 31 12 21 0
43 36 16 37 10 17 3 10 31 43 42 0
0
52 17 1 42 39 29 12 10 31 22 26 15 18 32 1 42 11 43 19 26 25 37 17 36 37 38 33 31 5 36 6 26 17 16 15 25 32 9 11 8 19 39 8 7 37 18 4 7 29 31 37 8 39
72
1 20 28 60 41 27 68 51 37 56 72 0
2 72 28 60 31 0
3 2 54 1 32 58 32 15 60 37 0
4 29 15 18 66 52 26 32 71 26 0
5 13 30 22 4 55 27 62 57 0
6 20 43 46 0
7 67 24 24 63 10 39 9 7 0
8 5 0
9 67 48 63 0
10 67 32 44 0
11 70 19 0
12 10 0
13 54 67 0
14 31 42 31 30 57 27 56 14 0
15 20 72 43 5 30 16 55 40 0
16 29 70 43 24 0
17 2 54 35 42 57 13 26 0
18 44 6 14 0
19 49 27 0
20 7 0
21 48 0
22 34 9 23 41 5 60 42 66 23 0
23 25 55 30 0
24 53 39 43 15 44 38 63 5 6 63 0
25 38 47 10 31 56 22 38 0
26 2 69 64 68 0
27 34 61 69 0
28 5 28 53 53 19 63 0
29 30 2 11 6 35 54 46 0
30 53 36 2 24 11 30 55 43 72 0
31 45 70 10 14 1 61 0
32 70 64 16 0
33 63 10 63 29 17 0
34 20 46 40 35 72 22 12 35 24 0
35 32 31 33 34 11 62 58 11 0
36 40 65 14 6 34 56 20 66 0
37 41 4 55 39 8 6 10 61 40 0
38 61 56 1 8 30 0
39 33 71 28 11 24 13 20 0
40 48 0
41 51 11 20 69 12 44 32 34 61 0
42 19 27 69 28 40 38 0
43 39 27 72 7 22 18 57 17 0
44 9 31 38 0
45 34 66 14 42 29 8 5 26 21 0
46 18 0
47 19 69 65 58 7 61 37 0
48 44 40 50 29 36 0
49 26 0
50 36 19 69 52 40 0
51 71 8 42 70 61 11 71 64 16 0
52 34 37 53 20 6 55 28 0
53 54 39 8 0
54 15 17 22 0
55 57 56 49 72 9 0
56 46 4 19 23 67 56 0
57 55 61 29 72 0
58 35 60 20 58 5 0
59 24 29 41 57 68 47 54 6 0
60 22 66 0
61 70 62 58 16 0
62 12 49 25 18 0
63 26 46 67 35 65 10 17 55 15 37 0
64 18 28 14 50 58 0
65 18 34 53 64 22 69 3 0
66 1 42 19 69 0
67 44 54 23 0
68 13 57 24 54 37 23 0
69 65 0
70 14 3 0
71 26 8 58 35 46 29 18 47 40 0
72 36 65 16 54 8 0
0
61 3 29 4 18 30 53 64 47 17 72 65 71 9 17 52 40 34 50 22 57 5 22 2 26 39 32 58 56 10 3 9 9 16 44 17 4 12 13 65 61 52 44 33 48 44 51 24 4 4 64 14 26 38 40 30 54 64 56 6 29 65
36
1 35 17 23 21 24 21 0
2 6 21 18 33 3 0
3 16 20 23 16 8 23 21 33 9 31 0
4 20 0
5 9 32 17 23 8 9 18 0
6 31 18 7 17 2 16 0
7 31 9 34 22 24 20 5 0
8 20 5 24 32 6 0
9 36 35 10 0
10 35 36 27 15 35 24 21 0
11 26 36 26 25 11 26 8 19 0
12 7 0
13 28 18 14 26 0
14 19 28 0
15 33 7 28 21 0
16 4 5 2 24 24 6 14 10 30 0
17 22 0
18 11 19 5 23 6 2 13 22 0
19 8 14 18 30 36 0
20 27 22 7 8 0
21 7 28 22 21 4 0
22 29 34 9 0
23 16 36 20 25 0
24 8 3 12 30 7 7 0
25 14 21 33 28 24 15 0
26 23 10 29 4 30 34 29 23 0
27 6 21 0
28 24 21 19 0
29 13 3 8 22 16 32 0
30 8 8 28 8 0
31 26 0
32 11 15 16 8 21 0
33 19 35 12 16 4 0
34 1 28 7 24 15 16 30 21 18 0
35 35 0
36 11 12 9 36 34 0
0
49 8 32 21 17 36 5 35 31 34 8 14 4 36 14 17 35 26 29 8 31 25 27 18 29 9 27 34 10 13 4 1 15 6 7 15 28 9 13 35 21 8 33 36 19 31 26 9 18 21
72
1 19 42 7 32 41 69 41 44 12 0
2 42 8 69 41 29 19 11 59 0
3 61 69 0
4 54 20 9 38 32 72 45 38 10 50 0
5 32 28 57 11 7 56 5 20 0
6 57 55 67 0
7 61 48 31 39 63 57 0
8 67 64 51 30 1 55 24 55 38 0
9 18 69 0
10 31 27 39 61 23 12 31 5 0
11 10 52 13 15 54 40 68 21 67 55 0
12 70 37 9 15 59 0
13 26 8 16 63 72 21 50 39 60 0
14 38 67 53 52 19 25 0
15 45 3 29 30 51 0
16 44 16 53 32 35 4 48 52 0
17 12 42 65 0
18 51 4 4 22 12 39 38 57 0
19 34 63 68 59 0
20 58 12 57 4 27 66 0
21 39 71 35 37 6 67 9 70 0
22 48 1 71 64 0
23 70 69 52 21 38 65 40 51 59 0
24 68 51 53 40 22 27 71 5 57 0
25 31 29 39 15 25 72 31 37 30 4 0
26 6 41 24 43 0
27 50 56 62 57 47 24 0
28 7 48 44 66 62 1 16 0
29 41 13 0
30 3 57 33 1 19 49 23 10 42 0
31 21 69 61 6 0
32 25 59 40 0
33 45 53 61 35 0
34 39 21 2 16 15 61 31 0
35 11 15 42 0
36 55 0
37 46 64 63 29 12 0
38 18 0
39 32 37 56 40 25 45 37 53 47 0
40 22 47 72 47 43 53 12 0
41 30 19 66 0
42 4 11 66 31 9 68 12 4 65 32 0
43 51 52 2 33 1 0
44 39 68 46 14 20 5 11 0
45 1 52 72 0
46 13 51 69 57 66 19 56 0
47 66 31 70 2 0
48 17 21 16 13 12 0
49 66 44 35 0
50 56 45 16 0
51 9 0
52 14 58 16 43 67 70 31 47 65 8 0
53 47 0
54 50 71 0
55 17 49 67 0
56 12 53 23 35 66 26 36 41 33 0
57 49 70 4 11 6 0
58 52 55 5 34 67 34 51 0
59 19 32 62 69 39 24 62 0
60 72 13 72 0
61 26 67 17 40 32 59 16 24 0
62 11 56 41 0
63 7 44 51 43 45 60 55 52 0
64 15 23 44 2 65 70 15 8 0
65 72 44 41 8 10 28 47 0
66 37 41 17 13 63 69 48 52 0
67 65 48 34 0
68 7 49 35 10 49 15 43 54 19 71 0
69 38 38 52 24 16 0
70 40 42 31 32 70 0
71 27 38 8 44 65 3 0
72 6 29 0
0
8 45 49 45 5 7 28 24 43
62
1 12 0
2 39 20 41 39 53 1 59 39 0
3 14 48 1 8 23 52 44 1 0
4 45 57 16 53 30 25 17 14 0
5 11 49 49 59 0
6 4 0
7 24 34 33 15 61 0
8 59 52 0
9 60 11 4 8 36 39 3 0
10 24 11 34 10 51 41 0
11 61 3 60 5 38 41 3 26 30 29 0
12 54 36 2 45 60 51 25 0
13 20 0
14 59 42 9 14 49 45 0
15 22 12 33 41 48 5 0
16 10 13 43 57 4 25 6 56 15 61 0
17 35 25 28 0
18 14 18 53 10 53 8 50 11 6 47 0
19 22 1 0
20 1 5 52 0
21 28 33 18 36 0
22 14 0
23 24 41 8 48 58 20 23 58 27 0
24 21 45 59 61 8 0
25 54 56 33 3 0
26 57 3 23 44 0
27 4 7 14 1 0
28 43 0
29 44 19 27 54 8 54 0
30 27 19 38 42 11 55 27 0
31 22 37 21 0
32 49 9 7 56 5 12 0
33 12 45 26 56 31 4 2 44 0
34 4 1 17 35 17 0
35 27 24 48 5 1 3 11 0
36 48 11 42 19 1 20 34 9 0
37 39 0
38 8 20 19 2 11 17 0
39 19 6 24 12 11 26 12 25 48 0
40 26 7 36 48 48 49 8 31 42 2 0
41 6 27 0
42 60 26 24 37 12 23 22 38 62 0
43 44 36 11 28 37 34 46 26 22 0
44 3 50 5 62 61 47 8 33 3 17 0
45 14 20 61 37 28 56 8 0
46 13 1 26 19 35 60 0
47 22 5 0
48 60 40 28 24 18 57 24 43 0
49 4 56 38 6 19 16 45 59 41 0
50 20 5 25 43 45 9 0
51 29 11 39 60 58 0
52 39 16 35 6 16 53 52 0
53 17 19 49 51 46 26 54 2 29 21 0
54 23 0
55 62 10 32 0
56 38 15 1 33 0
57 62 12 45 0
58 60 61 59 21 40 40 23 0
59 58 42 30 25 23 39 0
60 35 0
61 15 17 25 62 0
62 15 46 56 37 61 23 0
0
12 52 35 5 1 9 48 44 50 14 9 10 9
36
1 22 11 0
2 14 0
3 6 23 29 29 0
4 16 36 0
5 30 1 34 8 28 34 3 3 14 6 0
6 1 0
7 25 31 3 21 12 5 29 0
8 11 17 32 23 0
9 7 2 10 23 31 0
10 3 5 27 30 36 26 12 0
11 16 35 35 3 35 0
12 24 0
13 29 23 12 36 2 32 36 8 0
14 23 34 30 4 0
15 28 3 0
16 23 2 33 17 27 19 0
17 8 6 11 0
18 11 35 11 0
19 17 36 21 29 11 35 18 30 0
20 18 17 34 25 0
21 18 33 25 12 0
22 5 35 9 2 13 19 8 19 19 0
23 1 7 29 5 21 5 27 0
24 35 16 7 28 0
25 17 28 9 7 2 19 2 27 27 0
26 14 25 8 3 30 13 36 2 5 7 0
27 34 17 18 27 21 34 29 16 0
28 4 0
29 17 5 16 7 19 21 30 29 0
30 25 34 7 0
31 8 8 4 29 27 22 20 19 15 0
32 8 7 0
33 21 28 20 29 13 17 25 0
34 33 36 17 0
35 15 33 25 0
36 6 18 18 22 0
0
76 22 6 32 18 5 10 28 3 35 6 18 21 17 36 7 29 15 1 1 1 23 4 5 11 33 32 20 11 7 18 26 9 2 19 32 25 6 20 2 27 18 6 16 30 32 30 4 30 36 30 11 8 18 13 27 19 1 33 14 5 33 26 21 28 17 25 35 14 18 22 11 1 10 10 15 35
100
1 34 89 47 27 0
2 34 13 79 29 31 74 76 0
3 68 97 0
4 29 5 23 51 33 30 89 6 24 16 0
5 55 31 98 94 86 63 74 65 72 22 0
6 96 79 56 0
7 84 62 84 72 7 98 24 4 0
8 14 94 29 13 75 29 71 35 39 0
9 5 41 34 85 21 29 6 97 19 2 0
10 42 0
11 10 30 0
12 96 42 51 57 45 81 36 51 75 0
13 5 99 45 0
14 37 70 100 2 22 54 1 52 87 0
15 97 51 69 84 0
16 73 20 90 82 75 4 87 7 18 0
17 50 72 50 45 0
18 47 27 61 26 13 25 0
19 1 40 53 86 38 14 0
20 57 55 52 28 53 49 72 1 0
21 56 60 66 87 12 24 51 2 0
22 69 41 0
23 66 3 85 80 42 80 89 80 0
24 14 13 13 0
25 63 76 20 61 47 0
26 23 55 90 20 11 54 42 0
27 48 43 91 93 25 11 1 0
28 18 76 86 96 63 74 73 17 0
29 96 0
30 20 65 30 54 62 86 56 70 0
31 15 54 39 66 80 97 81 0
32 80 82 76 29 0
33 17 0
34 13 38 0
35 6 17 35 27 48 77 72 24 83 0
36 40 79 95 100 59 30 31 0
37 57 59 22 13 58 93 64 82 40 60 0
38 89 0
39 31 31 84 19 0
40 59 99 6 11 52 37 69 64 79 0
41 80 60 70 50 67 20 87 89 94 66 0
42 40 0
43 17 3 43 70 9 34 15 45 0
44 97 13 6 91 0
45 27 85 95 0
46 11 61 90 12 46 26 62 4 19 100 0
47 14 64 3 84 8 40 90 13 72 97 0
48 59 15 88 29 28 21 0
49 65 0
50 7 62 26 30 48 45 11 8 0
51 53 73 50 33 5 73 34 0
52 15 30 52 73 75 0
53 46 16 67 70 55 49 72 0
54 87 76 84 83 0
55 39 56 30 70 58 23 80 26 0
56 72 3 61 80 13 19 38 32 85 79 0
57 94 99 73 34 74 11 51 0
58 55 56 0
59 81 85 6 45 4 78 98 69 51 0
60 29 88 38 67 17 28 0
61 83 18 86 8 27 7 58 94 31 11 0
62 91 24 67 16 43 54 20 22 50 50 0
63 69 73 9 67 84 89 43 52 0
64 16 96 59 0
65 31 13 56 26 32 98 9 17 0
66 46 12 58 16 82 74 48 64 31 0
67 50 100 38 66 76 19 17 18 51 19 0
68 79 20 6 2 0
69 52 38 17 96 78 92 74 28 0
70 72 44 71 75 50 0
71 35 95 44 61 63 43 82 85 54 1 0
72 35 11 83 62 98 36 92 74 0
73 21 37 42 80 22 48 0
74 18 3 16 0
75 82 12 65 13 8 54 25 0
76 63 73 75 20 0
77 42 0
78 77 27 66 79 62 73 92 68 0
79 88 47 32 53 18 55 78 0
80 70 0
81 66 47 16 90 91 39 0
82 62 2 56 0
83 53 69 76 99 66 92 96 0
84 72 71 99 78 59 0
85 50 93 35 0
86 93 61 73 49 86 57 0
87 4 53 69 50 21 44 37 11 96 40 0
88 37 87 0
89 17 17 36 0
90 13 25 3 78 62 0
91 38 96 48 60 42 39 0
92 92 56 41 92 4 88 15 55 45 0
93 55 0
94 22 64 0
95 40 0
96 89 8 10 82 0
97 70 19 93 24 0
98 75 39 0
99 72 5 49 100 35 49 69 32 0
100 8 39 42 99 40 34 72 0
0
15 48 37 13 76 41 77 28 24 86 40 44 57 70 16 64
58
1 27 9 42 48 3 0
2 15 22 52 25 42 29 38 45 11 0
3 11 3 28 36 13 0
4 42 0
5 32 4 22 31 52 22 52 11 23 0
6 42 49 17 46 41 58 23 0
7 18 1 22 11 54 0
8 13 32 0
9 19 3 0
10 34 34 39 4 44 39 14 0
11 10 0
12 55 20 50 50 36 46 0
13 54 41 23 58 28 58 26 52 48 55 0
14 24 40 0
15 4 32 0
16 4 21 13 13 45 32 56 3 58 0
17 58 18 45 19 11 0
18 37 30 51 9 14 35 56 6 0
19 25 6 52 20 54 56 30 47 0
20 40 31 48 53 0
21 40 11 39 2 0
22 45 44 56 7 31 8 47 24 0
23 18 26 40 0
24 46 4 0
25 42 51 40 27 33 6 1 9 0
26 27 46 41 43 37 38 58 43 3 0
27 3 26 26 41 3 7 0
28 5 40 27 24 26 36 42 31 49 56 0
29 49 4 1 26 39 19 36 0
30 8 0
31 34 52 33 9 37 0
32 35 13 0
33 56 0
34 3 58 18 22 0
35 48 48 8 0
36 25 14 23 0
37 14 20 29 17 37 13 44 9 24 0
38 21 44 13 38 47 5 0
39 50 11 49 8 15 43 45 9 23 25 0
40 3 51 57 48 15 29 24 22 42 0
41 5 1 17 40 54 53 47 18 0
42 47 46 14 11 25 34 0
43 37 37 9 12 41 21 47 56 0
44 41 51 56 29 44 43 32 46 0
45 29 38 16 41 0
46 41 19 49 56 46 52 0
47 30 21 0
48 42 34 57 43 36 27 26 19 0
49 3 58 16 57 13 36 0
50 48 26 0
51 1 39 24 8 11 0
52 24 17 0
53 49 49 31 37 0
54 35 44 49 28 29 57 37 25 0
55 54 49 0
56 31 22 51 13 47 9 13 0
57 27 34 12 18 33 43 25 35 0
58 54 7 25 32 36 55 0
0
36 16 52 8 51 29 19 51 18 48 33 40 41 39 53 30 21 40 38 45 10 9 13 27 57 33 15 52 11 6 49 26 58 52 9 14 52
49
1 22 8 26 0
2 3 15 0
3 20 9 38 11 1 33 19 48 0
4 29 2 17 30 26 18 13 21 0
5 47 19 34 13 45 39 24 0
6 16 49 8 0
7 3 0
8 31 14 33 36 38 2 44 5 0
9 26 28 1 0
10 22 44 25 7 39 16 29 26 0
11 36 0
12 38 13 7 36 41 35 8 2 37 0
13 37 22 25 33 13 44 17 0
14 5 39 29 0
15 28 22 38 29 2 17 35 46 0
16 21 5 23 27 33 0
17 3 43 7 5 0
18 10 10 14 30 5 32 23 22 0
19 30 0
20 33 5 36 0
21 47 23 0
22 28 11 0
23 15 29 45 14 36 13 2 37 0
24 1 29 0
25 13 14 7 0
26 42 8 15 11 12 6 32 0
27 15 0
28 7 38 22 34 3 15 0
29 24 30 22 43 0
30 44 32 40 31 0
31 38 37 19 8 2 37 7 23 5 32 0
32 45 5 12 14 40 1 15 23 0
33 11 32 48 8 46 12 5 47 0
34 8 2 25 28 18 15 5 5 16 0
35 38 17 41 48 0
36 24 38 44 20 26 29 12 30 29 6 0
37 36 14 38 9 42 26 31 45 12 0
38 35 25 45 39 15 0
39 40 42 48 11 25 0
40 23 32 22 26 13 24 39 0
41 40 16 36 0
42 2 46 38 47 23 21 29 42 38 36 0
43 37 0
44 8 11 2 0
45 42 48 0
46 22 28 8 2 3 4 24 49 0
47 34 23 0
48 2 47 20 42 0
49 15 40 38 5 22 12 0
0
13 41 27 38 25 3 32 8 47 18 38 36 10 18
62
1 41 36 0
2 31 33 25 17 0
3 40 0
4 2 35 42 0
5 21 4 28 50 42 47 17 0
6 24 51 44 15 56 27 28 59 0
7 53 59 62 58 35 42 22 53 58 1 0
8 5 34 2 22 55 28 33 16 0
9 15 0
10 48 16 60 34 35 27 60 39 0
11 11 1 28 33 36 5 55 44 44 0
12 51 62 0
13 4 39 0
14 47 2 35 55 0
15 55 0
16 5 0
17 22 43 50 9 3 33 11 0
18 16 16 0
19 47 39 0
20 16 8 29 0
21 46 27 30 4 21 17 59 12 0
22 43 0
23 46 0
24 6 4 7 0
25 30 56 42 56 0
26 45 8 60 0
27 33 25 7 52 3 46 4 43 0
28 16 45 19 49 47 6 0
29 12 27 23 0
30 37 50 2 0
31 27 60 43 0
32 59 30 10 0
33 22 57 45 41 44 59 28 57 0
34 4 33 42 39 16 62 8 57 0
35 47 49 57 0
36 1 14 0
37 43 16 37 30 23 0
38 27 17 58 54 24 41 51 59 31 0
39 14 13 16 60 18 19 48 0
40 1 57 8 61 33 27 58 11 34 11 0
41 51 59 26 60 15 18 0
42 22 34 61 47 0
43 15 23 29 60 46 0
44 21 53 6 39 54 48 42 55 26 0
45 45 0
46 24 59 23 4 15 0
47 54 13 61 0
48 59 46 6 2 2 31 56 12 24 0
49 37 37 19 22 30 16 50 0
50 17 10 38 47 7 29 2 10 8 0
51 32 20 8 53 30 34 49 7 0
52 34 55 53 15 19 34 0
53 30 34 57 47 11 37 22 0
54 17 59 0
55 61 9 23 57 20 0
56 7 0
57 7 38 60 43 48 44 18 12 56 9 0
58 20 17 14 57 40 53 34 39 0
59 53 50 23 12 25 31 26 0
60 54 11 2 3 3 22 44 0
61 42 23 57 53 48 53 44 37 5 55 0
62 3 44 6 49 29 38 36 0
0
45 42 42 20 42 45 25 54 51 29 4 37 10 45 51 46 1 48 58 6 42 6 29 62 26 14 29 60 45 5 43 38 57 57 51 53 13 49 30 60 14 31 37 45 18 61
51
1 39 46 43 29 50 43 40 27 32 0
2 7 17 39 26 20 51 16 32 0
3 38 28 49 29 18 0
4 41 40 0
5 46 35 0
6 1 4 33 17 22 21 0
7 30 19 19 37 15 30 27 42 0
8 2 11 13 17 25 15 0
9 7 47 33 24 23 47 42 22 31 0
10 46 8 0
11 2 33 44 6 44 39 4 46 28 0
12 42 17 28 48 13 41 13 45 11 0
13 25 27 49 6 0
14 19 21 45 1 37 0
15 25 33 12 51 35 13 9 0
16 24 0
17 31 1 41 4 47 0
18 8 45 25 48 44 30 21 50 15 0
19 50 6 51 5 24 9 27 8 23 0
20 19 13 27 8 25 6 10 0
21 43 36 6 48 20 22 25 25 13 10 0
22 43 29 27 0
23 41 34 0
24 3 22 37 0
25 37 0
26 33 9 30 0
27 9 46 11 40 0
28 25 45 51 6 14 22 12 11 0
29 49 4 8 26 0
30 10 18 42 41 21 25 0
31 38 0
32 15 41 34 12 9 39 15 0
33 46 30 28 35 51 51 6 28 22 29 0
34 39 38 2 13 20 22 0
35 28 18 13 11 20 0
36 48 20 49 31 15 23 0
37 14 5 28 20 40 14 0
38 50 0
39 48 49 49 0
40 37 37 34 45 2 7 51 4 30 0
41 13 17 51 0
42 35 15 47 49 0
43 10 12 28 32 0
44 40 0
45 11 49 30 0
46 38 0
47 49 0
48 36 1 10 0
49 46 32 29 49 4 0
50 38 17 49 51 25 0
51 6 18 49 36 23 8 21 0
0
79 37 7 28 24 44 3 23 25 48 6 36 31 21 8 47 45 19 19 13 43 17 5 1 23 8 51 40 36 25 10 33 33 3 26 16 39 7 36 39 10 13 40 38 47 32 47 21 43 41 6 24 10 46 5 6 39 4 35 25 37 19 13 28 49 2 17 39 5 43 29 1 39 33 30 14 1 6 17 44
75
1 3 62 65 0
2 53 0
3 12 26 39 13 72 43 39 13 0
4 10 34 72 6 0
5 71 18 57 53 32 0
6 10 39 0
7 36 67 59 35 74 57 42 16 0
8 64 7 54 70 58 23 72 72 9 0
9 28 34 2 0
10 69 27 37 52 1 12 44 42 68 0
11 45 50 29 13 29 52 44 0
12 46 5 20 69 41 4 18 28 36 22 0
13 7 61 44 62 28 41 13 0
14 23 49 7 28 39 51 52 15 0
15 71 61 66 10 60 0
16 35 41 0
17 25 7 23 23 0
18 65 42 63 39 21 56 5 0
19 29 36 53 21 15 40 0
20 33 39 32 64 0
21 24 11 59 51 0
22 71 39 4 8 0
23 16 48 55 43 73 0
24 56 52 73 20 27 19 47 60 54 38 0
25 27 29 6 37 26 43 46 0
26 2 68 64 44 34 47 46 0
27 59 6 6 0
28 58 28 0
29 15 41 72 10 53 43 12 1 57 52 0
30 2 26 59 15 0
31 41 66 11 67 70 32 57 0
32 73 38 26 18 57 57 5 48 0
33 29 75 67 6 11 0
34 15 25 56 74 68 51 0
35 39 17 24 67 25 61 41 66 38 0
36 1 68 0
37 23 57 9 36 12 4 0
38 34 40 9 6 2 0
39 27 46 5 51 20 8 0
40 33 3 44 9 58 33 33 29 0
41 65 73 28 54 50 22 22 0
42 60 12 58 0
43 56 66 46 51 51 34 22 16 26 0
44 45 31 34 0
45 48 67 38 73 4 50 24 64 19 72 0
46 65 50 72 19 62 50 55 0
47 4 6 52 71 2 72 63 50 0
48 70 28 16 52 7 25 69 0
49 55 36 70 36 35 0
50 66 64 61 35 39 61 1 67 70 44 0
51 54 11 33 70 0
52 50 12 12 14 66 41 10 63 0
53 63 0
54 43 56 44 45 17 65 59 32 45 0
55 56 11 9 1 70 33 0
56 71 24 0
57 14 12 17 40 27 15 11 51 59 0
58 3 0
59 62 36 63 59 0
60 75 40 11 0
61 46 14 43 17 13 2 7 43 23 0
62 24 11 35 62 4 6 0
63 37 61 8 12 4 48 49 75 1 0
64 57 7 0
65 37 32 63 50 72 69 75 7 0
66 11 72 23 42 21 38 0
67 39 12 0
68 45 68 51 10 57 22 0
69 21 0
70 75 35 24 60 56 0
71 68 41 34 24 59 53 46 47 73 0
72 21 0
73 71 64 41 75 0
74 17 65 42 1 0
75 65 9 19 2 49 54 23 13 0
0
75 73 8 9 41 41 8 4 63 11 25 13 55 55 37 36 35 68 42 16 44 9 23 12 24 73 61 50 33 22 25 69 4 70 59 43 47 68 31 35 16 25 60 72 8 37 61 70 39 37 3 14 24 47 9 66 31 56 4 60 55 72 11 69 45 21 25 5 61 70 21 74 22 48 49 63
88
1 88 18 0
2 59 87 58 57 61 76 52 0
3 4 59 68 77 31 28 19 0
4 9 78 54 69 68 74 47 35 31 42 0
5 83 57 9 35 44 54 0
6 78 55 3 42 0
7 2 60 88 66 19 86 0
8 46 49 41 26 78 23 0
9 35 40 0
10 26 38 26 54 0
11 49 49 76 55 73 68 79 59 80 0
12 47 61 6 61 13 81 85 25 40 20 0
13 4 39 14 33 28 64 57 88 82 1 0
14 6 4 69 45 37 12 1 45 39 0
15 63 60 85 0
16 59 64 61 38 4 56 20 24 0
17 61 82 3 5 3 0
18 42 52 82 82 36 31 1 65 54 21 0
19 13 49 34 28 21 23 36 60 7 12 0
20 53 67 19 9 35 81 86 0
21 2 50 42 30 68 5 34 33 0
22 35 43 66 66 45 24 88 11 55 86 0
23 29 68 11 0
24 60 60 75 50 31 27 67 43 75 0
25 26 72 22 78 28 28 57 5 0
26 26 61 12 0
27 9 0
28 10 2 11 74 35 83 14 0
29 81 49 10 17 66 28 84 41 11 0
30 34 88 13 4 0
31 45 15 0
32 3 0
33 60 66 76 79 55 0
34 71 4 12 68 37 7 41 38 47 0
35 69 87 0
36 81 47 34 20 51 18 0
37 13 87 0
38 28 30 65 52 63 75 77 36 44 0
39 10 39 54 49 0
40 36 56 66 26 84 0
41 58 70 0
42 19 6 47 86 0
43 35 31 0
44 16 35 51 5 2 20 34 0
45 19 21 5 0
46 65 50 16 51 65 50 32 23 15 0
47 14 47 19 39 27 55 40 73 0
48 79 39 57 39 0
49 60 0
50 22 60 63 13 29 61 0
51 72 31 85 0
52 33 37 39 52 52 9 35 83 0
53 8 24 0
54 1 86 0
55 56 58 63 54 13 62 43 45 6 0
56 81 72 82 83 71 18 76 21 1 0
57 84 63 56 52 60 25 77 86 0
58 9 22 59 74 12 48 24 45 56 0
59 56 66 1 0
60 28 81 2 81 42 55 79 51 60 0
61 81 0
62 43 68 10 19 35 43 58 0
63 48 63 64 53 0
64 5 20 26 13 57 77 70 27 88 39 0
65 30 80 71 27 65 0
66 10 1 79 0
67 43 57 30 86 51 0
68 29 6 14 59 68 83 68 13 0
69 85 45 56 69 81 48 18 5 47 5 0
70 50 86 0
71 67 88 22 43 88 64 0
72 62 80 0
73 63 6 85 62 17 13 87 65 5 0
74 22 32 0
75 38 16 40 28 41 72 48 34 56 32 0
76 78 44 40 80 35 0
77 47 0
78 18 47 49 81 0
79 2 9 66 16 71 81 54 85 41 0
80 86 47 66 60 49 73 13 0
81 27 63 76 32 78 0
82 85 27 70 39 83 55 28 73 2 0
83 35 72 34 9 87 48 40 34 23 0
84 74 23 8 43 41 53 36 56 28 81 0
85 44 26 52 64 38 88 40 55 36 4 0
86 46 4 25 29 49 13 0
87 54 83 63 63 64 18 80 20 85 0
88 1 83 34 61 8 72 0
0
28 41 15 39 20 26 5 74 21 10 4 36 85 30 51 54 43 19 68 33 16 25 64 6 49 14 74 11 76
14
1 1 8 6 5 0
2 6 14 12 14 9 4 2 8 2 13 0
3 2 1 8 4 6 7 0
4 2 14 2 9 7 2 0
5 7 6 6 14 11 10 14 1 0
6 2 1 0
7 9 6 11 10 13 12 7 0
8 13 7 1 14 13 4 12 0
9 8 2 14 11 1 13 6 4 1 0
10 1 6 13 13 2 0
11 7 8 13 0
12 5 9 14 11 10 10 1 9 1 12 0
13 11 14 3 9 6 7 8 11 6 1 0
14 13 12 6 1 3 0
0
76 6 4 7 3 1 9 9 4 7 6 3 2 5 12 6 13 1 10 9 1 11 11 7 7 3 6 13 3 7 2 4 12 5 13 12 12 1 8 8 1 10 5 13 12 1 4 4 2 9 14 14 7 10 4 4 13 8 10 7 10 10 4 12 9 7 9 12 4 8 14 8 1 3 9 9 12
4
1 3 1 0
2 1 0
3 2 1 4 3 0
4 2 0
0
13 2 1 4 3 1 2 4 1 1 1 1 1 1
5
1 1 0
2 4 4 5 2 0
3 3 2 4 5 1 0
4 1 5 5 2 0
5 4 5 4 2 0
0
28 2 2 2 4 4 2 5 4 1 3 3 5 4 4 3 1 2 5 4 4 2 1 1 5 5 2 2 4
85
1 45 17 56 57 41 23 54 0
2 59 0
3 2 47 15 43 15 8 81 45 23 0
4 70 52 0
5 31 70 14 19 0
6 50 63 12 19 61 6 63 57 70 0
7 35 70 4 0
8 53 69 6 27 64 60 26 67 77 59 0
9 28 22 10 80 64 15 0
10 32 52 72 0
11 76 10 22 84 33 0
12 26 7 29 33 73 73 0
13 34 0
14 84 45 27 56 0
15 14 34 8 50 44 0
16 72 18 62 69 49 40 26 0
17 46 41 37 84 6 78 0
18 30 19 52 47 59 17 0
19 50 0
20 47 47 74 2 13 65 79 0
21 12 28 13 55 58 52 57 85 0
22 81 42 52 4 0
23 25 32 47 76 58 0
24 71 22 0
25 1 0
26 75 32 60 27 69 50 42 30 0
27 34 66 16 75 57 0
28 4 52 0
29 7 59 21 23 17 49 39 82 49 0
30 3 5 20 7 78 45 19 11 0
31 73 63 8 68 40 0
32 17 73 2 31 62 7 0
33 70 49 78 0
34 49 0
35 84 0
36 45 35 4 71 26 47 63 37 13 58 0
37 10 64 76 84 48 73 34 66 31 0
38 12 78 73 6 0
39 84 1 29 66 48 0
40 73 68 10 17 0
41 69 31 78 33 0
42 30 17 75 49 0
43 53 4 12 46 31 38 74 8 21 0
44 77 81 41 71 57 19 83 2 0
45 21 45 10 0
46 62 46 9 50 78 78 1 32 27 31 0
47 29 19 14 76 37 1 19 44 44 45 0
48 84 14 77 23 17 32 0
49 19 67 70 16 52 22 63 0
50 52 50 31 0
51 16 69 0
52 7 75 0
53 16 84 16 0
54 21 47 62 22 66 81 0
55 35 12 83 12 13 23 2 14 55 62 0
56 6 48 82 34 64 34 78 3 10 10 0
57 23 68 18 17 47 8 0
58 73 0
59 56 82 0
60 78 11 4 35 38 40 70 62 7 0
61 85 41 41 40 82 16 15 82 4 0
62 43 37 75 52 20 29 14 0
63 63 0
64 39 80 52 2 29 42 0
65 2 14 45 0
66 34 81 6 42 0
67 44 21 24 1 18 80 26 63 0
68 67 41 18 39 16 70 39 0
69 18 33 55 39 55 0
70 48 69 85 82 24 3 62 0
71 43 30 6 66 26 26 54 55 4 82 0
72 26 81 14 39 37 53 15 0
73 25 67 74 27 45 48 0
74 13 0
75 83 0
76 72 0
77 67 5 21 24 34 48 55 0
78 81 24 77 0
79 67 81 21 6 2 50 33 1 0
80 50 29 61 20 60 0
81 64 58 72 12 59 53 46 0
82 50 27 24 1 55 67 47 0
83 24 38 7 19 10 28 28 60 77 0
84 14 78 28 0
85 64 45 71 10 3 17 7 0
0
84 40 4 53 48 68 8 36 51 84 77 33 52 29 34 76 41 84 80 45 55 63 49 50 8 20 25 45 82 71 41 28 74 30 77 2 55 84 8 84 58 50 30 40 82 3 13 53 12 80 70 7 50 79 62 56 72 68 29 76 76 6 25 74 52 81 48 9 4 66 53 41 5 54 34 81 15 6 61 41 59 31 15 38 72
43
1 8 0
2 5 0
3 13 43 10 13 31 12 6 8 2 0
4 37 10 23 32 27 0
5 8 0
6 19 16 36 38 2 39 0
7 24 0
8 14 37 11 20 21 7 0
9 2 34 5 3 34 5 41 7 43 26 0
10 12 0
11 36 4 38 0
12 5 35 30 11 5 9 20 28 43 0
13 23 9 27 36 0
14 20 2 30 41 3 9 42 0
15 39 14 8 24 39 0
16 22 42 2 26 14 36 32 0
17 18 37 38 9 31 17 35 27 25 0
18 4 26 10 6 0
19 11 21 30 41 35 28 30 29 3 0
20 43 19 0
21 13 1 33 39 36 10 38 0
22 5 31 27 4 3 16 18 28 37 41 0
23 21 8 23 10 0
24 30 43 25 36 1 26 17 0
25 43 4 0
26 43 32 43 27 29 5 10 28 9 0
27 32 32 37 0
28 24 0
29 32 4 1 32 0
30 43 33 6 16 43 0
31 6 34 40 34 40 38 34 31 0
32 6 25 35 37 33 0
33 8 2 0
34 2 19 9 0
35 20 33 14 13 26 20 25 0
36 9 35 26 16 41 3 36 32 1 0
37 32 20 35 14 42 0
38 21 24 11 18 16 1 36 20 0
39 17 22 42 39 20 7 0
40 36 0
41 28 24 13 41 0
42 11 29 23 13 30 8 0
43 25 43 4 31 4 42 7 35 0
0
56 19 22 28 29 10 20 15 30 19 16 25 35 4 17 17 6 33 14 1 1 15 24 15 40 42 6 33 4 4 6 15 1 17 17 10 3 39 14 30 1 18 28 5 25 5 3 22 9 7 38 12 1 22 4 42 12
88
1 68 60 44 54 0
2 81 10 46 88 78 45 43 65 0
3 18 81 62 0
4 74 8 87 76 51 40 88 0
5 68 9 72 1 67 9 0
6 42 2 42 59 75 58 35 22 0
7 46 21 68 80 27 57 40 56 14 0
8 2 66 0
9 27 26 32 52 76 56 33 9 37 0
10 29 79 80 68 79 82 54 0
11 52 16 52 59 0
12 79 10 54 5 29 54 19 39 46 0
13 27 70 2 0
14 24 34 69 30 73 22 83 15 0
15 55 51 80 73 0
16 35 46 70 35 0
17 53 42 36 0
18 66 82 0
19 82 0
20 67 39 37 44 71 12 79 36 74 12 0
21 17 12 17 20 26 32 72 0
22 13 85 40 37 0
23 74 12 47 68 0
24 69 58 70 41 12 13 15 47 46 0
25 39 75 80 41 0
26 11 0
27 61 2 57 86 30 80 79 25 32 0
28 87 22 24 60 74 54 23 5 15 0
29 27 43 46 56 54 39 22 10 0
30 43 12 76 7 42 68 0
31 29 30 69 0
32 5 34 41 0
33 29 0
34 50 45 7 31 59 32 46 71 0
35 27 84 52 0
36 81 21 51 62 13 0
37 1 0
38 64 69 57 0
39 26 12 49 47 70 37 70 0
40 11 45 36 6 55 38 0
41 44 79 47 62 77 0
42 46 5 10 42 59 0
43 68 4 71 72 77 73 14 72 42 44 0
44 56 28 71 6 20 48 0
45 67 54 51 75 9 37 81 79 30 66 0
46 8 6 0
47 25 16 11 43 63 68 57 0
48 19 20 31 56 54 0
49 84 56 48 73 38 66 18 40 0
50 58 39 55 77 48 0
51 41 65 15 16 11 87 34 12 0
52 88 83 88 13 73 30 0
53 51 86 0
54 24 27 0
55 54 64 5 47 11 45 28 36 72 41 0
56 68 0
57 26 38 0
58 85 0
59 9 80 0
60 18 49 63 43 59 11 44 79 46 73 0
61 11 86 19 68 0
62 85 0
63 82 19 21 11 71 20 46 88 44 0
64 19 50 0
65 42 32 45 79 5 0
66 58 71 20 43 50 15 87 60 58 0
67 29 0
68 39 23 15 34 52 0
69 69 62 2 4 47 84 24 0
70 55 20 51 3 0
71 24 47 70 43 63 63 39 0
72 2 9 56 61 70 13 20 69 25 0
73 55 13 88 60 0
74 87 64 66 56 37 4 43 51 0
75 39 59 81 30 66 39 28 7 0
76 17 16 51 15 9 72 22 74 0
77 4 28 29 5 9 34 0
78 33 65 12 17 28 85 73 0
79 61 0
80 52 35 11 55 28 85 1 78 70 0
81 74 67 0
82 36 22 65 26 77 22 38 9 29 0
83 6 20 59 71 19 67 78 38 85 0
84 84 83 39 40 18 10 10 13 0
85 49 78 29 0
86 2 62 47 80 62 0
87 53 85 5 44 62 41 84 61 44 0
88 14 13 8 27 46 68 77 87 0
0
99 29 50 1 69 8 20 71 39 75 44 53 6 42 84 81 41 77 72 61 66 41 35 61 52 1 15 1 52 55 41 68 29 37 20 14 55 65 77 23 71 57 39 54 5 83 64 57 34 24 3 29 41 73 80 17 24 34 49 30 38 71 62 41 15 61 19 68 46 26 64 41 26 15 73 41 84 36 71 77 48 5 32 66 34 4 66 18 51 87 78 17 36 12 26 45 18 82 71 34
19
1 10 13 0
2 16 5 3 13 19 16 8 1 0
3 2 0
4 15 15 1 6 6 19 0
5 7 1 16 1 11 17 10 3 0
6 16 2 16 19 13 6 13 1 0
7 13 14 15 9 9 8 17 0
8 16 17 13 0
9 7 5 5 0
10 14 10 5 1 4 11 0
11 4 10 6 10 1 18 0
12 6 3 14 15 15 19 18 0
13 13 12 0
14 5 18 0
15 13 6 19 17 11 3 19 5 0
16 15 17 3 10 6 0
17 5 11 12 10 17 7 12 0
18 11 7 14 6 11 0
19 11 4 1 2 0
0
24 7 18 18 10 3 19 6 2 13 18 19 17 9 15 16 10 18 18 10 1 17 3 2 9
48
1 22 20 42 0
2 42 13 1 46 6 19 17 0
3 4 7 23 15 31 28 0
4 9 34 28 31 45 33 43 42 26 0
5 25 22 34 5 0
6 39 24 25 44 14 41 19 0
7 12 16 8 25 11 21 10 30 41 6 0
8 8 38 0
9 44 0
10 17 48 19 0
11 13 14 31 1 42 9 12 0
12 1 48 14 37 48 15 33 25 23 33 0
13 33 34 21 42 11 40 36 0
14 47 35 0
15 3 2 33 35 45 44 42 48 0
16 28 35 26 29 26 35 0
17 9 45 4 10 0
18 14 44 31 35 0
19 28 23 14 3 25 0
20 37 8 41 0
21 6 21 32 6 48 28 28 48 0
22 23 45 38 40 31 42 41 41 14 0
23 12 4 6 28 26 21 0
24 10 0
25 34 47 14 43 34 37 36 19 48 8 0
26 9 13 4 40 31 4 0
27 48 6 2 7 22 0
28 38 14 14 4 21 0
29 48 36 17 15 9 13 0
30 3 30 14 37 39 2 46 13 0
31 42 48 39 41 0
32 40 27 35 5 0
33 31 46 43 14 0
34 40 33 41 26 32 31 41 21 0
35 37 16 0
36 32 16 7 18 0
37 13 18 25 0
38 16 23 42 41 23 16 10 44 0
39 47 17 44 6 2 5 10 43 0
40 27 0
41 3 17 27 45 36 11 0
42 29 39 28 48 23 25 44 9 0
43 18 39 28 1 21 16 29 0
44 7 23 27 22 4 0
45 37 32 46 24 29 21 39 3 28 42 0
46 23 38 18 35 31 31 34 0
47 24 31 22 2 8 34 2 12 33 0
48 10 17 6 0
0
42 5 31 29 3 16 16 38 1 16 2 43 34 42 22 24 37 22 22 12 10 33 26 32 25 2 13 40 21 32 11 40 2 17 30 25 5 6 25 44 11 21 20
55
1 55 33 41 20 37 51 48 0
2 50 20 36 1 4 18 9 0
3 3 39 7 50 26 49 16 38 0
4 28 22 29 0
5 50 13 10 16 14 0
6 18 1 42 0
7 35 49 1 11 43 24 47 0
8 42 18 39 15 9 34 45 0
9 14 33 42 0
10 5 9 49 2 22 0
11 22 38 0
12 43 0
13 15 8 54 26 3 0
14 10 41 23 32 4 6 32 26 0
15 6 24 53 45 45 39 20 0
16 46 0
17 41 27 55 4 12 3 0
18 47 31 0
19 2 48 5 0
20 5 16 7 0
21 45 49 18 15 25 28 0
22 41 0
23 23 12 26 40 26 1 0
24 11 33 29 8 0
25 38 11 54 3 22 39 21 23 18 16 0
26 12 0
27 30 40 22 38 0
28 13 39 14 11 9 4 48 1 45 18 0
29 49 16 14 6 42 49 43 6 0
30 22 54 30 1 0
31 9 0
32 37 16 43 8 35 23 20 2 0
33 33 25 4 45 16 17 10 30 0
34 18 11 23 55 8 12 14 30 53 0
35 16 18 26 8 3 41 32 0
36 24 8 47 24 0
37 30 44 53 30 53 47 0
38 17 41 0
39 17 6 5 48 33 49 7 7 0
40 20 11 8 14 42 37 0
41 41 12 28 51 31 21 35 37 32 0
42 5 27 6 26 12 9 54 30 53 34 0
43 41 2 0
44 4 39 1 24 41 54 0
45 20 0
46 27 24 23 3 30 11 0
47 44 24 25 51 35 7 34 0
48 1 42 17 25 33 0
49 49 0
50 43 36 20 28 10 3 45 51 0
51 54 0
52 13 15 45 44 0
53 26 13 25 4 3 6 37 11 42 0
54 27 38 2 18 0
55 32 3 41 39 43 16 27 0
0
80 32 14 54 54 2 6 19 16 15 51 3 52 44 36 30 33 55 27 32 30 9 55 8 47 6 33 1 54 47 13 38 50 9 12 18 35 39 30 24 51 53 25 22 52 12 49 20 14 45 41 43 41 19 36 11 4 2 3 6 19 17 36 36 24 51 33 47 33 38 18 49 22 6 37 15 12 10 14 24 24
29
1 29 0
2 25 28 4 23 9 23 24 0
3 26 16 9 20 14 17 5 11 0
4 16 0
5 6 4 14 11 28 0
6 17 2 29 19 0
7 13 25 8 14 24 2 5 2 6 0
8 4 0
9 1 4 13 12 16 6 11 0
10 25 17 17 29 19 0
11 20 20 4 25 10 26 9 27 0
12 9 10 0
13 7 20 29 9 16 6 13 26 23 0
14 10 28 22 9 25 24 22 21 0
15 21 5 15 21 17 26 14 25 18 0
16 4 26 0
17 1 0
18 24 9 26 27 9 28 21 1 0
19 5 22 5 16 6 10 0
20 27 19 17 0
21 22 3 0
22 15 29 27 16 17 15 0
23 18 18 0
24 11 11 16 18 5 13 27 0
25 9 26 24 8 20 0
26 13 11 17 3 4 5 2 0
27 22 6 16 0
28 22 12 23 21 27 20 26 20 0
29 6 6 9 0
0
70 22 16 25 3 2 6 27 17 10 1 7 13 23 4 3 8 21 7 29 5 25 4 14 4 5 26 7 20 5 15 15 3 4 26 6 29 7 11 10 9 6 16 1 2 26 18 27 11 26 10 6 16 1 5 21 15 26 4 26 16 15 11 19 7 23 6 2 27 7 22
52
1 7 1 39 0
2 49 41 40 5 11 47 0
3 37 6 0
4 14 30 14 52 0
5 38 24 49 2 4 44 48 2 38 49 0
6 45 5 17 22 17 2 0
7 12 13 7 49 25 0
8 38 23 2 0
9 2 37 34 32 44 9 44 42 19 0
10 48 23 35 0
11 5 43 0
12 21 7 31 20 44 18 0
13 1 24 6 34 44 1 36 3 10 0
14 5 30 31 8 46 4 33 0
15 12 43 31 15 44 0
16 27 31 10 30 0
17 52 0
18 35 49 27 38 33 33 9 42 27 0
19 47 0
20 32 29 39 25 25 0
21 13 30 14 19 50 27 16 41 43 0
22 34 12 48 7 13 0
23 10 0
24 22 0
25 5 49 18 32 42 34 24 3 10 19 0
26 48 39 0
27 27 26 43 19 29 44 0
28 38 15 0
29 23 46 29 12 13 15 18 0
30 8 43 50 50 0
31 13 40 12 39 6 0
32 41 30 9 32 0
33 45 42 37 35 18 44 4 0
34 25 0
35 51 4 17 21 13 41 27 17 1 37 0
36 36 17 41 28 4 52 1 41 0
37 11 36 36 14 46 11 34 34 14 48 0
38 36 18 46 9 49 0
39 29 0
40 36 36 12 7 36 30 0
41 45 8 51 23 36 0
42 6 0
43 44 33 0
44 7 51 50 6 16 48 45 43 0
45 30 24 16 39 18 2 0
46 11 51 13 21 2 32 49 0
47 12 11 17 38 31 42 0
48 30 32 15 0
49 9 20 24 29 47 50 50 43 11 0
50 1 5 2 23 37 12 44 36 0
51 37 35 24 35 10 0
52 20 5 24 5 22 17 9 18 47 27 0
0
59 39 47 43 8 41 52 10 23 9 52 1 3 28 40 13 19 20 34 35 46 9 25 1 24 17 12 46 36 44 19 26 7 50 8 33 17 34 21 27 50 35 37 32 12 33 26 47 47 23 15 28 21 34 13 6 52 32 26 29
4
1 4 4 0
2 3 0
3 2 4 2 0
4 3 1 0
0
33 3 1 1 3 1 4 1 3 2 1 3 2 1 1 3 3 1 2 1 1 3 2 1 1 4 4 3 1 3 3 4 3 2
92
1 22 86 36 77 61 72 54 12 37 29 0
2 59 26 73 29 19 77 84 7 83 45 0
3 55 48 62 35 0
4 55 9 25 0
5 16 29 84 91 31 53 12 43 0
6 83 36 31 15 65 5 0
7 74 74 2 11 71 71 87 89 37 0
8 7 40 14 59 0
9 78 88 53 68 30 56 0
10 67 73 28 52 50 18 83 76 2 0
11 7 0
12 5 70 30 67 40 56 0
13 25 0
14 65 1 52 92 0
15 46 70 38 60 0
16 79 36 7 2 0
17 80 18 75 58 83 33 84 30 23 0
18 54 92 76 19 56 31 1 19 88 0
19 69 24 85 32 49 77 30 76 0
20 81 91 0
21 22 24 3 72 41 90 62 77 86 79 0
22 52 54 0
23 34 12 48 6 27 3 14 47 73 0
24 78 2 1 60 35 72 48 39 75 0
25 63 70 12 73 74 45 38 40 0
26 1 71 87 27 3 34 34 0
27 32 20 77 38 74 52 0
28 5 61 56 35 91 27 84 6 40 32 0
29 58 59 70 28 33 67 56 43 87 0
30 82 47 28 65 8 42 76 0
31 42 47 78 24 0
32 84 74 82 25 73 80 36 90 27 34 0
33 64 31 25 44 0
34 73 91 86 0
35 81 47 69 49 89 26 39 0
36 1 44 84 8 62 82 28 0
37 16 75 36 83 87 0
38 27 6 36 12 86 24 0
39 40 28 11 0
40 35 8 53 65 2 20 49 0
41 10 91 75 3 0
42 64 27 56 3 0
43 4 35 28 0
44 6 11 15 79 84 0
45 57 41 41 82 41 51 0
46 17 36 81 0
47 60 55 12 75 0
48 86 16 62 83 8 61 41 29 0
49 23 10 59 1 10 26 58 10 54 0
50 1 60 15 0
51 57 57 31 0
52 50 84 42 6 68 63 83 20 62 31 0
53 46 75 20 5 0
54 37 0
55 55 6 86 76 61 43 45 84 0
56 61 26 8 87 56 29 72 0
57 42 21 12 0
58 17 32 66 34 67 77 63 0
59 12 24 35 81 0
60 69 18 24 63 64 6 0
61 1 92 0
62 71 21 71 0
63 62 7 84 53 6 53 74 76 3 0
64 52 88 20 59 85 54 66 0
65 91 64 0
66 65 62 37 42 12 26 13 0
67 67 73 22 3 31 62 14 26 0
68 19 0
69 8 36 36 40 41 78 80 50 1 85 0
70 75 0
71 21 84 29 30 0
72 5 15 59 62 57 31 82 40 50 0
73 29 24 20 74 0
74 28 36 46 67 34 0
75 24 62 33 85 22 53 0
76 50 91 49 2 41 0
77 75 77 23 0
78 23 84 0
79 42 87 52 24 3 0
80 32 0
81 71 74 47 29 6 90 50 2 0
82 60 79 43 0
83 13 81 40 82 75 70 0
84 81 0
85 41 78 25 80 43 84 0
86 42 12 0
87 34 31 77 56 51 15 0
88 62 49 46 77 24 90 77 0
89 9 47 65 47 11 1 32 80 14 51 0
90 73 80 14 91 7 52 87 52 44 0
91 39 46 50 32 37 3 5 68 79 0
92 74 2 22 40 9 34 72 0
0
83 92 45 10 20 25 27 19 36 42 54 46 46 71 47 15 71 60 37 53 38 4 68 10 29 65 32 48 20 84 54 14 72 75 14 6 90 37 73 45 81 62 77 40 38 91 47 78 39 13 8 66 85 65 80 42 17 75 10 43 49 7 88 64 20 23 61 37 68 79 76 89 79 9 48 88 58 12 12 32 20 47 2 74
75
1 17 23 27 74 10 19 48 2 0
2 14 61 39 0
3 2 21 51 7 10 45 29 47 65 0
4 34 55 66 62 13 4 21 27 6 42 0
5 63 73 60 47 69 54 65 56 0
6 55 47 14 58 41 0
7 22 0
8 59 21 39 65 21 11 62 65 25 0
9 58 59 73 3 9 0
10 44 9 61 8 0
11 60 43 20 0
12 20 15 28 66 65 0
13 38 34 17 67 5 69 48 13 11 20 0
14 37 5 55 54 43 30 64 0
15 69 73 75 64 0
16 8 30 2 15 0
17 12 23 0
18 64 49 11 23 15 0
19 30 62 56 0
20 44 7 59 72 69 3 0
21 15 67 42 69 49 2 32 70 11 0
22 58 14 75 53 54 17 57 60 0
23 51 62 0
24 32 44 46 0
25 15 64 65 62 12 40 9 66 0
26 27 30 67 0
27 19 75 0
28 23 38 40 39 2 14 44 13 43 0
29 37 56 64 46 14 14 50 0
30 60 13 11 62 56 39 71 48 0
31 64 1 16 14 51 28 42 0
32 49 16 9 8 0
33 61 55 60 64 71 29 67 7 7 0
34 44 25 57 0
35 8 44 49 19 63 0
36 56 13 28 16 18 72 2 0
37 17 19 66 30 5 28 69 34 35 54 0
38 62 23 21 75 0
39 3 47 57 57 64 0
40 54 24 55 15 36 63 51 0
41 30 5 2 70 23 68 22 28 66 0
42 38 9 5 0
43 8 46 46 22 10 48 35 17 67 1 0
44 62 31 25 55 74 8 0
45 31 62 57 9 28 0
46 4 22 22 46 55 5 3 30 0
47 25 39 18 69 0
48 11 67 47 27 44 19 4 30 43 0
49 29 75 20 65 29 70 0
50 44 44 6 46 2 25 69 0
51 59 62 45 71 27 0
52 72 20 9 38 0
53 35 0
54 20 22 63 56 57 37 66 0
55 9 27 28 18 0
56 65 21 0
57 17 69 13 17 39 32 52 0
58 23 12 21 33 20 32 59 40 29 0
59 33 25 17 59 6 40 75 0
60 44 40 51 43 16 51 23 28 39 0
61 23 63 31 31 0
62 39 20 32 32 47 56 49 16 0
63 61 51 0
64 56 30 0
65 23 72 53 42 14 28 18 58 63 0
66 57 20 26 51 35 60 22 0
67 11 60 1 74 55 70 7 53 46 0
68 65 61 70 0
69 6 47 18 0
70 5 48 10 19 54 47 27 51 15 56 0
71 13 5 30 46 41 31 9 57 42 0
72 20 46 50 34 39 4 72 52 0
73 50 28 18 31 0
74 16 17 32 62 67 30 0
75 19 55 43 72 15 45 0
0
7 26 41 34 58 30 6 40
52
1 40 47 34 32 3 18 42 45 46 31 0
2 24 26 22 0
3 6 44 47 33 19 16 14 52 0
4 48 8 21 1 18 48 1 34 0
5 9 0
6 6 7 15 11 5 14 29 25 51 44 0
7 3 43 44 6 30 24 15 19 0
8 33 3 31 34 16 1 33 35 0
9 33 7 46 33 14 10 19 41 11 36 0
10 15 21 13 38 23 29 49 0
11 1 9 40 18 43 31 0
12 37 33 22 47 33 49 19 41 0
13 23 9 8 13 35 16 28 15 50 11 0
14 1 51 26 23 44 11 47 26 0
15 26 47 0
16 45 23 48 5 39 30 44 42 32 30 0
17 28 38 30 30 0
18 19 31 0
19 2 32 25 2 0
20 13 28 9 17 33 31 33 0
21 11 36 24 29 37 3 16 14 12 40 0
22 28 0
23 18 29 26 0
24 17 6 24 48 0
25 12 14 0
26 10 51 4 0
27 16 11 12 29 15 18 23 40 23 35 0
28 6 3 0
29 8 14 15 9 16 25 22 46 0
30 24 47 1 47 27 7 33 48 18 0
31 2 27 38 48 22 13 39 26 12 0
32 34 41 32 45 0
33 45 37 18 27 45 7 0
34 32 6 49 48 8 1 2 32 47 30 0
35 19 43 19 31 16 39 40 37 6 6 0
36 27 3 27 20 10 27 0
37 26 43 46 49 25 36 44 22 7 31 0
38 15 19 47 26 35 48 7 0
39 15 33 8 4 40 47 33 45 36 40 0
40 25 44 41 8 15 34 18 2 24 0
41 29 44 0
42 13 40 21 21 38 35 28 19 39 41 0
43 27 47 38 3 0
44 30 0
45 8 4 28 0
46 7 26 7 39 22 19 0
47 39 49 24 6 0
48 11 0
49 44 0
50 35 27 3 41 43 5 0
51 49 17 43 31 0
52 11 50 15 30 40 7 17 0
0
23 21 46 37 29 42 15 17 23 14 10 34 15 8 13 32 3 23 38 46 48 50 26 14
11
1 11 6 11 10 1 6 0
2 10 1 6 7 7 8 0
3 4 5 4 8 0
4 6 0
5 4 1 8 3 1 5 10 6 1 0
6 7 4 2 1 10 9 8 6 1 0
7 2 8 2 5 4 10 0
8 3 10 5 5 7 3 8 11 5 0
9 11 6 8 4 6 3 6 0
10 1 5 10 7 0
11 5 8 0
0
35 6 4 10 1 3 6 11 11 4 7 1 6 6 4 5 2 4 11 2 7 3 10 2 6 3 6 4 2 6 10 11 8 9 5 3
88
1 19 85 0
2 45 2 66 54 35 73 0
3 58 64 82 55 5 62 0
4 63 0
5 72 40 42 57 15 0
6 13 67 0
7 78 72 6 26 86 60 17 18 84 0
8 60 76 63 56 75 83 35 0
9 72 59 71 1 7 80 0
10 39 33 38 72 61 25 18 82 0
11 11 80 46 84 22 78 0
12 62 39 65 28 74 0
13 39 12 0
14 41 0
15 37 0
16 38 10 50 46 40 59 27 45 81 0
17 33 24 34 23 59 38 55 88 1 54 0
18 49 63 0
19 43 0
20 4 5 0
21 19 3 0
22 3 0
23 81 25 88 55 33 36 1 0
24 52 47 51 15 53 17 0
25 55 84 52 0
26 67 57 83 36 14 20 5 0
27 15 34 66 24 75 27 29 65 74 41 0
28 35 57 35 19 31 8 19 0
29 51 5 0
30 73 0
31 33 42 81 81 57 84 78 0
32 88 74 3 61 43 0
33 77 2 0
34 29 1 31 0
35 38 59 61 83 31 61 0
36 41 12 37 77 82 2 0
37 60 29 0
38 56 52 22 11 25 0
39 85 58 70 35 86 3 0
40 43 74 85 72 6 0
41 79 85 0
42 43 81 47 53 0
43 56 39 5 64 75 18 28 33 0
44 37 43 25 33 75 36 0
45 60 0
46 25 5 23 0
47 24 67 68 55 22 0
48 76 0
49 25 53 46 0
50 18 76 10 28 75 0
51 87 30 61 15 18 58 70 30 8 0
52 80 4 53 39 5 64 78 66 0
53 49 68 0
54 34 23 34 75 61 40 1 0
55 88 14 66 77 63 0
56 84 11 56 45 62 0
57 57 30 31 57 61 87 68 0
58 75 69 34 60 71 52 37 34 45 0
59 64 75 20 72 0
60 18 47 25 80 15 74 19 56 0
61 75 21 5 56 6 55 40 53 78 0
62 86 1 49 53 31 0
63 35 8 47 0
64 77 32 3 60 15 0
65 54 62 84 79 4 38 62 64 71 0
66 34 16 40 21 37 39 0
67 36 70 0
68 7 44 22 68 54 60 53 28 8 44 0
69 35 30 39 0
70 43 67 2 67 79 0
71 36 32 17 37 38 47 38 72 0
72 24 86 63 86 86 80 28 17 52 0
73 23 57 14 12 55 3 50 0
74 53 85 0
75 74 86 33 33 60 87 65 28 0
76 37 85 63 8 69 12 83 44 0
77 39 56 68 30 44 36 38 75 9 70 0
78 65 47 0
79 33 35 0
80 60 80 37 30 0
81 20 0
82 44 65 60 0
83 77 86 16 8 0
84 19 39 0
85 60 9 58 72 0
86 66 25 33 49 8 5 84 64 41 61 0
87 4 65 21 2 81 0
88 68 22 0
0
90 86 4 38 29 21 80 71 18 6 1 23 78 30 9 3 19 10 12 48 66 48 35 25 52 64 3 9 5 36 62 65 10 20 49 44 4 4 13 16 54 26 25 8 28 26 88 24 84 77 23 33 65 26 82 30 37 83 16 62 55 51 84 66 46 46 77 73 29 66 88 67 15 77 36 27 60 31 54 56 77 17 71 61 44 6 11 56 80 25 51
88
1 15 85 0
2 29 86 49 78 5 15 80 62 5 0
3 57 47 0
4 44 12 27 0
5 23 18 29 60 37 84 71 0
6 42 75 56 31 63 56 2 56 0
7 22 19 23 1 68 82 0
8 58 87 13 29 26 24 81 69 38 50 0
9 1 13 62 82 18 55 10 71 45 0
10 47 64 39 86 82 80 65 82 0
11 23 43 0
12 16 69 61 15 83 33 44 0
13 69 17 2 64 10 2 26 87 31 43 0
14 77 57 0
15 33 30 55 0
16 67 0
17 45 0
18 83 43 59 15 32 0
19 62 20 11 8 5 21 8 46 78 0
20 51 74 0
21 4 45 0
22 54 80 0
23 76 12 57 0
24 63 33 75 16 0
25 48 83 46 84 79 0
26 26 3 65 4 58 69 52 33 54 56 0
27 4 15 28 22 83 0
28 46 24 0
29 2 43 0
30 51 26 82 39 48 77 0
31 72 59 48 79 40 23 0
32 7 2 8 82 74 2 41 0
33 25 81 84 0
34 62 0
35 58 14 13 24 59 82 33 48 24 0
36 25 79 71 69 0
37 84 14 0
38 76 42 68 32 7 39 53 78 0
39 23 52 22 0
40 26 0
41 2 21 28 4 8 87 75 25 0
42 25 0
43 13 75 35 4 0
44 84 50 75 0
45 63 64 34 14 51 10 65 43 0
46 70 39 2 80 60 76 30 3 36 8 0
47 45 72 4 6 47 76 0
48 64 57 43 20 49 64 0
49 51 0
50 71 37 29 56 65 0
51 28 85 77 49 57 72 59 48 88 25 0
52 48 17 74 60 29 88 2 0
53 78 87 83 42 0
54 11 0
55 33 0
56 4 61 60 75 0
57 88 52 52 0
58 68 82 52 33 7 52 32 0
59 73 56 80 4 57 88 84 27 2 0
60 53 16 0
61 26 79 55 88 51 37 0
62 76 27 38 83 72 86 87 36 16 19 0
63 88 3 75 20 84 3 66 0
64 24 54 0
65 51 27 28 26 7 68 50 37 0
66 59 63 82 30 55 0
67 55 0
68 58 82 77 18 34 39 86 0
69 16 9 41 38 46 14 3 0
70 37 10 56 67 37 35 19 2 24 81 0
71 68 49 11 86 75 9 78 1 0
72 75 39 1 72 9 26 20 0
73 53 20 0
74 80 76 70 85 0
75 56 51 84 85 54 4 51 17 24 0
76 74 68 67 0
77 80 12 83 9 0
78 8 0
79 88 76 81 21 78 0
80 16 26 24 72 40 15 9 81 84 83 0
81 52 52 67 0
82 52 12 30 0
83 26 70 10 38 84 34 61 25 88 0
84 38 36 34 35 0
85 7 74 81 49 7 0
86 1 65 9 78 21 84 9 84 20 84 0
87 30 72 32 45 6 4 74 0
88 9 46 33 24 23 73 87 77 0
0
59 62 21 75 70 20 62 59 24 5 26 26 17 67 12 80 69 19 85 64 63 24 82 71 39 43 68 1 54 2 79 72 18 47 77 46 69 11 36 69 35 43 13 84 60 25 6 37 62 29 26 77 39 54 87 20 1 83 24 46
3
1 2 0
2 3 0
3 1 1 0
0
89 1 1 3 1 3 2 1 1 3 3 3 1 2 1 1 2 3 1 2 1 1 2 2 2 1 2 3 3 1 3 1 1 2 1 3 1 2 3 1 1 2 2 2 2 3 2 2 2 2 3 3 3 2 1 1 3 2 3 1 1 2 2 3 3 1 2 3 2 1 1 3 1 1 3 1 1 2 1 3 2 2 2 1 2 3 2 3 3 3
95
1 27 54 26 22 51 0
2 59 14 78 91 34 12 19 20 39 0
3 93 48 9 5 0
4 26 78 27 15 37 91 83 5 25 50 0
5 88 35 37 50 51 0
6 46 0
7 4 29 61 36 75 92 33 0
8 14 86 0
9 41 82 29 66 31 28 79 63 0
10 64 22 42 1 34 0
11 35 88 18 76 45 90 11 16 44 0
12 82 72 22 0
13 10 78 10 91 71 53 28 77 28 51 0
14 29 70 16 2 79 0
15 24 61 95 80 0
16 69 54 68 42 34 36 0
17 92 0
18 78 88 83 34 65 70 0
19 83 75 4 92 52 30 95 94 19 0
20 91 64 35 60 82 63 0
21 18 91 33 5 20 64 35 44 0
22 23 92 80 46 1 82 31 44 58 0
23 42 16 91 56 89 30 7 0
24 10 30 26 49 17 0
25 14 14 89 92 41 63 75 82 73 0
26 87 44 0
27 94 88 56 49 7 0
28 24 79 26 16 48 85 0
29 7 82 95 40 0
30 12 85 23 87 9 61 1 81 0
31 53 10 39 93 0
32 61 63 7 0
33 58 18 40 64 0
34 91 28 5 57 89 34 0
35 59 61 0
36 4 29 38 0
37 81 44 28 92 81 57 81 0
38 5 48 72 59 57 73 0
39 59 42 23 0
40 79 60 7 82 51 52 31 0
41 32 79 7 44 74 21 40 0
42 41 28 68 16 4 79 82 43 1 4 0
43 73 39 0
44 45 0
45 8 70 0
46 65 32 87 5 0
47 55 59 36 45 47 74 24 42 81 0
48 22 86 54 48 70 92 0
49 54 17 48 87 69 0
50 30 87 94 22 57 29 74 24 0
51 12 17 36 54 73 28 67 35 47 68 0
52 9 75 93 78 47 91 0
53 51 31 31 80 91 14 14 15 0
54 34 8 83 80 0
55 59 48 35 30 18 42 0
56 4 70 15 34 34 21 76 43 43 49 0
57 75 10 38 0
58 20 11 56 0
59 1 41 14 67 42 43 15 88 0
60 69 67 45 28 26 62 7 0
61 64 0
62 41 61 9 35 2 82 21 41 80 82 0
63 68 88 37 0
64 89 59 43 0
65 16 88 61 42 73 52 57 64 33 0
66 59 68 2 6 81 69 0
67 91 75 50 84 7 0
68 25 18 49 73 36 55 66 0
69 94 57 45 20 62 11 59 0
70 1 84 51 92 71 49 0
71 53 74 6 92 88 0
72 79 0
73 5 93 39 18 57 50 49 79 95 56 0
74 55 19 2 79 32 36 6 3 90 0
75 38 34 14 58 67 79 43 69 0
76 51 23 80 79 67 91 0
77 57 63 63 37 66 17 70 54 79 64 0
78 87 66 67 0
79 59 85 28 88 57 91 25 84 64 0
80 83 25 64 0
81 24 0
82 15 61 24 55 91 58 0
83 53 52 73 50 43 58 74 0
84 41 38 88 16 32 82 91 90 7 55 0
85 3 49 86 34 36 54 47 3 92 87 0
86 94 94 10 34 13 81 18 54 12 7 0
87 75 87 34 47 0
88 24 77 20 40 79 64 37 47 69 95 0
89 61 91 83 60 48 0
90 68 59 0
91 76 45 0
92 54 60 92 7 83 62 74 0
93 21 39 28 0
94 12 94 67 11 92 80 21 55 0
95 92 48 0
0
85 60 10 77 62 69 94 46 2 6 34 55 56 2 39 45 54 20 89 94 12 87 38 53 66 64 5 70 55 18 15 65 5 10 95 69 89 68 56 62 13 14 12 22 69 55 15 13 50 91 47 32 47 25 34 18 80 53 79 44 3 53 20 72 68 20 58 81 59 42 17 83 68 57 3 16 10 31 18 70 55 10 73 67 6 60
84
1 49 37 45 31 43 83 27 57 0
2 62 17 8 69 11 56 59 41 37 14 0
3 77 48 10 13 72 81 14 74 80 0
4 21 69 28 7 10 81 17 62 0
5 35 53 82 24 57 68 0
6 68 60 64 28 2 75 18 8 0
7 53 60 31 72 0
8 66 11 0
9 53 44 25 34 16 0
10 80 77 59 36 48 0
11 78 19 59 54 13 60 23 0
12 33 0
13 56 0
14 68 24 38 39 65 0
15 78 22 50 78 34 27 46 7 0
16 69 0
17 22 15 0
18 42 47 38 0
19 8 77 40 63 8 64 76 0
20 62 39 55 57 36 0
21 68 6 63 26 30 0
22 29 0
23 38 55 29 40 67 78 30 0
24 64 0
25 15 36 37 21 58 20 0
26 57 39 54 61 48 27 0
27 51 4 66 75 54 13 66 0
28 70 21 82 26 73 26 82 56 0
29 41 39 0
30 37 12 81 0
31 49 75 2 9 56 14 10 47 50 0
32 37 61 73 45 9 34 50 22 0
33 23 28 73 41 17 30 63 35 4 0
34 42 0
35 29 46 44 40 51 25 5 37 0
36 46 41 49 21 23 51 0
37 44 2 62 64 16 40 25 77 0
38 82 0
39 69 7 0
40 74 76 14 63 33 57 0
41 55 43 71 41 0
42 10 50 15 60 82 61 16 0
43 49 53 64 18 41 32 22 25 10 27 0
44 26 56 57 9 1 0
45 33 5 18 54 0
46 11 38 40 0
47 26 17 69 5 64 23 23 82 0
48 57 45 0
49 57 6 55 34 72 51 72 0
50 10 43 71 32 10 67 81 7 53 0
51 54 83 39 21 81 31 73 40 21 0
52 80 37 65 10 17 0
53 81 38 0
54 64 6 35 42 0
55 1 41 50 1 8 61 28 82 74 0
56 1 69 75 47 0
57 2 33 74 19 67 44 21 77 44 45 0
58 51 44 71 0
59 73 0
60 21 17 2 36 0
61 7 76 14 59 26 13 40 75 25 0
62 16 0
63 67 73 13 56 80 74 8 33 29 18 0
64 17 49 66 11 0
65 16 9 44 0
66 48 80 81 49 47 47 78 73 41 6 0
67 14 54 47 42 56 70 0
68 78 0
69 71 8 82 69 15 14 38 64 0
70 64 70 0
71 26 0
72 17 55 29 74 51 0
73 66 38 0
74 12 5 29 15 1 64 69 83 0
75 54 14 20 24 14 80 45 2 7 0
76 41 32 35 0
77 4 55 72 82 8 64 0
78 69 19 80 38 46 10 0
79 22 84 58 36 78 35 22 48 35 0
80 13 23 62 61 14 27 84 0
81 17 80 7 16 0
82 4 83 74 66 72 14 0
83 54 0
84 76 59 79 0
0
45 59 73 78 50 10 80 61 43 33 58 63 51 8 42 73 66 11 48 3 75 82 58 81 2 36 79 27 53 2 6 19 54 13 12 58 75 11 23 74 78 26 3 67 38 53
17
1 5 11 9 16 0
2 13 5 6 4 0
3 4 15 16 10 17 7 0
4 16 3 2 6 1 0
5 4 13 10 0
6 3 11 7 5 2 2 0
7 2 1 6 2 5 17 6 9 10 7 0
8 12 7 13 3 9 16 15 4 10 9 0
9 14 13 13 4 7 8 0
10 16 6 7 12 14 9 7 8 2 17 0
11 1 15 10 2 4 0
12 4 16 17 6 7 7 9 0
13 17 15 13 7 1 6 15 3 15 0
14 16 17 11 11 6 2 8 13 8 0
15 2 1 10 5 7 13 0
16 9 15 0
17 10 6 2 10 0
0
52 17 1 14 17 3 10 7 12 4 13 15 7 2 1 8 8 12 15 6 6 3 2 6 11 17 13 12 12 9 14 7 3 4 5 6 6 15 9 7 4 8 9 7 8 3 4 12 11 13 11 17 12
57
1 19 50 43 20 17 9 26 22 36 33 0
2 53 18 29 14 10 12 38 1 0
3 44 37 32 21 26 33 11 12 0
4 49 34 23 32 31 49 0
5 16 52 50 39 49 35 54 34 28 0
6 5 2 47 54 19 3 15 0
7 38 42 38 45 34 2 47 48 12 43 0
8 55 33 22 55 43 0
9 29 9 34 38 20 0
10 49 49 35 10 25 3 0
11 46 14 24 41 23 0
12 51 16 55 44 42 0
13 3 47 10 51 2 34 47 13 25 0
14 38 30 16 43 2 11 6 52 0
15 4 18 28 0
16 41 53 11 0
17 3 21 0
18 14 4 39 50 26 37 0
19 16 9 43 11 19 57 22 24 10 0
20 54 23 1 0
21 11 33 2 39 47 37 9 42 0
22 49 18 54 30 43 50 46 27 16 0
23 49 4 42 42 6 50 0
24 47 14 0
25 38 27 53 13 10 52 0
26 55 26 25 51 24 29 14 7 29 0
27 15 4 1 43 26 43 31 18 0
28 7 36 17 48 9 51 35 54 5 0
29 39 27 20 55 25 10 57 23 8 0
30 17 44 24 55 5 25 52 35 10 0
31 9 21 39 48 36 42 46 39 0
32 55 53 7 18 26 36 48 7 47 5 0
33 19 3 0
34 22 14 20 39 57 32 4 11 53 3 0
35 9 36 43 40 42 46 21 17 35 0
36 9 20 36 53 20 19 21 18 41 3 0
37 34 32 9 53 9 15 1 0
38 25 42 31 30 53 54 17 4 0
39 31 20 7 35 0
40 41 26 35 18 5 53 56 0
41 42 14 55 50 54 55 0
42 22 48 0
43 10 50 15 20 0
44 28 23 24 31 30 41 29 42 0
45 56 22 48 30 6 13 49 41 12 0
46 49 47 0
47 53 5 13 32 56 0
48 1 46 25 27 31 36 0
49 34 34 56 7 22 41 43 55 0
50 53 37 24 35 34 0
51 39 26 34 21 5 52 55 33 24 13 0
52 48 41 42 1 45 26 32 0
53 31 15 7 4 15 17 44 38 41 0
54 31 54 17 46 36 40 56 50 28 0
55 49 37 57 0
56 2 18 48 36 25 22 41 51 46 0
57 33 4 17 10 51 21 22 0
0
43 39 23 31 18 1 34 18 39 12 27 42 54 35 50 42 20 56 10 16 21 34 36 10 51 39 57 45 57 39 53 31 32 40 30 26 14 43 48 53 8 12 38 13
52
1 11 50 2 18 21 40 50 13 31 0
2 46 28 49 36 13 18 4 0
3 2 15 50 40 8 0
4 7 9 8 37 36 27 51 0
5 6 6 2 43 0
6 51 35 20 38 1 0
7 34 17 7 27 3 11 23 10 1 31 0
8 48 33 15 48 12 49 46 0
9 11 23 28 17 31 28 0
10 27 38 23 49 50 33 14 8 8 0
11 23 33 41 11 15 8 22 32 0
12 13 25 44 7 0
13 48 50 24 32 24 30 4 41 47 0
14 12 26 25 0
15 36 8 16 41 15 10 14 25 33 0
16 8 5 52 27 24 23 3 0
17 14 23 24 0
18 10 38 45 25 0
19 39 34 0
20 37 24 33 0
21 10 4 0
22 42 0
23 1 23 2 0
24 21 9 17 52 49 37 0
25 34 0
26 27 50 40 31 18 0
27 46 32 12 2 27 21 27 2 47 0
28 34 41 0
29 1 37 31 49 15 52 17 41 0
30 26 14 38 20 0
31 7 5 41 19 36 24 29 4 13 39 0
32 27 16 7 20 18 0
33 40 20 0
34 27 48 47 47 25 0
35 47 44 30 19 9 49 35 0
36 37 52 36 3 3 1 0
37 40 24 21 19 25 21 6 11 0
38 7 37 27 52 30 43 0
39 2 0
40 24 43 40 51 13 34 42 50 29 0
41 14 4 31 49 19 39 26 0
42 1 13 8 42 23 16 47 31 49 23 0
43 21 0
44 38 51 51 10 49 8 0
45 26 49 15 10 42 0
46 50 14 23 0
47 8 31 40 0
48 18 47 18 34 17 19 0
49 42 35 0
50 16 41 35 20 48 47 18 52 46 0
51 32 32 18 45 14 37 0
52 6 9 36 2 12 34 28 52 45 16 0
0
75 7 28 3 35 45 19 34 10 40 37 7 47 9 29 29 31 7 32 35 52 8 47 11 15 18 45 22 24 46 38 2 30 49 48 48 36 52 52 10 23 27 48 20 29 40 48 47 29 28 27 49 36 33 19 20 52 21 47 33 14 51 48 8 13 8 34 41 9 21 25 9 2 12 27 43
81
1 48 51 0
2 67 35 56 67 50 9 41 53 24 0
3 23 72 38 0
4 70 13 45 0
5 16 5 1 31 26 0
6 58 44 73 31 74 72 5 43 62 58 0
7 24 14 44 11 7 20 56 2 44 0
8 72 63 69 78 33 26 22 22 35 0
9 12 73 74 81 16 4 20 0
10 18 51 21 20 42 70 4 0
11 10 75 11 42 70 76 43 53 0
12 70 4 27 46 15 31 0
13 44 67 57 77 19 14 70 31 50 42 0
14 9 75 78 76 0
15 6 73 56 0
16 57 13 27 39 0
17 55 63 80 52 0
18 11 53 68 74 22 74 8 0
19 49 29 80 11 72 29 34 0
20 48 63 0
21 1 72 73 17 0
22 37 46 38 55 32 14 0
23 31 45 75 30 79 61 0
24 48 16 31 40 10 0
25 80 2 75 10 2 16 75 0
26 43 45 3 42 0
27 33 11 43 38 0
28 11 58 19 51 81 55 11 9 23 71 0
29 40 0
30 56 74 20 11 74 68 60 63 7 60 0
31 25 52 41 70 0
32 24 0
33 78 0
34 30 22 37 1 57 0
35 12 61 48 2 0
36 30 23 34 10 75 48 46 53 29 24 0
37 8 7 53 45 41 57 38 11 65 17 0
38 25 7 21 44 64 70 7 25 0
39 47 65 68 17 61 78 0
40 4 0
41 76 41 20 0
42 37 56 51 55 3 28 43 0
43 58 70 49 27 21 41 14 0
44 62 57 42 29 44 30 0
45 71 31 4 0
46 1 37 10 0
47 17 65 0
48 19 78 52 18 7 72 0
49 72 4 64 30 31 54 26 20 47 15 0
50 6 67 35 47 35 55 0
51 16 41 67 0
52 15 45 30 42 58 75 17 37 78 0
53 15 40 31 0
54 32 79 0
55 74 63 37 44 33 0
56 26 7 0
57 71 1 54 75 62 50 9 13 0
58 48 0
59 14 65 26 26 30 37 78 19 77 6 0
60 70 10 34 18 62 0
61 59 31 47 69 16 4 35 0
62 32 40 0
63 30 73 16 54 19 78 78 31 26 0
64 46 61 39 32 42 7 14 0
65 7 4 55 80 43 24 63 26 0
66 27 24 53 55 72 4 39 56 0
67 20 38 13 9 17 67 31 0
68 25 0
69 56 6 70 0
70 50 55 61 28 0
71 35 66 44 15 69 75 61 81 0
72 74 34 72 64 78 0
73 74 0
74 65 52 53 57 54 41 75 0
75 31 3 38 0
76 11 54 49 19 66 67 63 0
77 67 0
78 4 68 0
79 65 67 3 38 51 14 53 54 0
80 58 28 43 16 0
81 65 32 19 38 5 31 17 0
0
68 81 53 17 53 35 68 21 23 67 66 21 44 11 75 70 47 78 28 58 77 76 17 18 41 18 3 21 33 18 71 55 51 37 48 39 58 37 4 11 72 3 50 13 13 67 26 5 14 40 76 80 23 19 81 76 32 15 71 42 57 48 10 11 29 35 70 5 36
24
1 22 23 10 9 0
2 20 14 23 3 24 0
3 12 6 18 16 0
4 4 9 3 14 14 15 7 0
5 16 6 21 20 6 18 2 0
6 9 7 14 0
7 9 4 18 0
8 21 9 19 13 18 0
9 20 15 17 0
10 19 23 12 21 2 7 1 1 1 9 0
11 11 10 22 1 4 5 5 2 18 0
12 6 16 0
13 3 24 19 15 2 16 8 4 0
14 19 1 20 9 21 15 22 0
15 3 0
16 16 16 22 24 5 0
17 9 6 13 9 0
18 3 5 8 11 18 0
19 2 18 17 6 1 1 0
20 21 4 15 1 21 0
21 17 15 24 20 4 0
22 18 21 20 21 13 13 12 15 0
23 11 23 23 17 4 6 13 24 0
24 19 10 6 3 13 0
0
48 15 13 5 22 4 22 16 3 19 13 14 8 18 17 11 11 10 10 20 1 17 16 4 4 3 4 23 13 2 6 23 4 19 22 5 6 18 23 18 14 9 8 23 7 5 5 10 24
14
1 11 1 2 7 6 5 14 9 0
2 7 6 0
3 8 10 13 10 4 3 2 11 10 0
4 7 0
5 8 3 11 0
6 10 11 14 0
7 12 8 3 11 14 7 9 12 0
8 6 6 8 10 11 5 5 14 12 8 0
9 12 1 9 14 4 14 3 0
10 6 0
11 5 2 5 1 5 1 3 7 13 0
12 4 12 0
13 1 3 14 10 13 0
14 1 9 2 9 8 8 0
0
84 5 12 10 1 10 12 4 9 9 9 5 6 14 8 4 13 6 14 6 4 10 6 1 4 10 7 7 12 10 9 13 10 5 2 10 10 6 3 11 10 8 5 9 4 11 9 13 11 6 12 3 3 6 12 3 10 12 11 6 13 1 7 14 9 4 11 5 4 4 8 1 2 11 11 3 3 6 11 5 6 1 3 12 13
85
1 78 72 10 35 2 82 20 48 75 0
2 14 48 0
3 70 70 0
4 74 80 67 82 38 38 79 14 0
5 14 80 26 54 0
6 83 53 0
7 79 0
8 29 18 5 29 51 0
9 77 14 0
10 5 54 44 26 79 72 26 69 0
11 30 32 30 0
12 37 49 78 61 17 20 72 0
13 59 22 59 0
14 19 84 59 63 17 19 63 23 83 49 0
15 6 73 84 23 1 67 37 8 0
16 84 47 80 65 4 31 59 65 3 22 0
17 64 72 76 55 2 36 54 0
18 33 15 81 69 43 59 45 9 0
19 30 57 5 51 0
20 31 61 11 15 79 29 6 85 14 62 0
21 65 81 0
22 11 51 12 26 81 38 0
23 77 5 64 11 54 39 6 75 64 0
24 81 45 12 44 0
25 61 69 1 27 13 44 0
26 17 29 22 70 82 41 67 0
27 40 47 83 0
28 9 80 15 35 35 8 80 0
29 24 44 53 46 0
30 63 32 8 35 75 82 66 69 82 83 0
31 34 34 27 76 0
32 72 40 33 41 0
33 15 25 62 6 19 56 20 26 15 12 0
34 24 55 77 72 84 2 48 16 0
35 59 69 39 49 13 0
36 39 4 0
37 74 0
38 74 0
39 11 27 26 40 7 0
40 29 66 53 71 70 42 55 30 12 11 0
41 28 14 56 52 30 0
42 7 0
43 72 66 43 32 55 21 27 0
44 76 46 72 17 0
45 46 2 55 66 0
46 10 56 32 36 29 44 13 17 40 0
47 42 43 39 63 27 75 77 65 0
48 33 44 7 51 64 27 84 15 72 3 0
49 85 50 43 30 42 39 17 0
50 45 77 83 0
51 38 50 57 8 11 37 84 46 8 0
52 61 5 83 11 58 1 25 56 39 0
53 62 39 35 0
54 39 71 27 19 16 0
55 72 0
56 83 11 13 24 40 66 14 68 62 26 0
57 15 43 9 82 38 0
58 73 2 84 0
59 15 79 4 19 10 74 47 0
60 27 4 82 82 63 33 20 0
61 36 56 19 0
62 62 66 67 9 74 48 50 0
63 28 83 2 19 75 80 82 33 0
64 5 0
65 10 31 72 63 0
66 4 35 62 9 0
67 42 0
68 56 0
69 4 49 49 69 52 72 58 77 53 25 0
70 41 7 74 62 9 11 34 44 0
71 67 43 76 55 68 77 32 49 84 37 0
72 65 56 48 0
73 49 0
74 61 62 39 0
75 13 0
76 10 31 64 59 0
77 76 45 2 0
78 20 48 0
79 11 57 65 54 71 0
80 57 24 78 79 57 0
81 46 58 0
82 31 67 81 65 80 57 2 58 36 0
83 58 8 84 75 70 28 85 0
84 60 57 58 83 19 84 0
85 14 21 14 31 0
0
41 2 79 24 61 82 14 8 19 52 30 58 46 35 26 63 26 44 72 9 82 10 71 64 59 7 54 6 42 45 55 3 20 35 70 29 2 75 23 11 53 1
26
1 11 2 16 0
2 3 12 10 8 6 13 15 1 0
3 14 25 20 1 20 18 13 20 7 0
4 8 21 11 8 20 11 1 0
5 14 22 0
6 6 12 12 7 8 12 21 8 25 0
7 17 19 21 3 3 1 12 0
8 7 26 22 16 2 8 1 8 8 0
9 16 19 19 0
10 15 6 15 7 0
11 14 21 3 12 0
12 24 10 13 15 22 11 0
13 17 12 0
14 17 2 21 16 0
15 1 7 2 24 16 11 4 13 0
16 14 21 8 24 0
17 24 0
18 4 20 0
19 16 24 8 19 9 25 3 16 16 6 0
20 17 26 0
21 25 15 9 15 4 10 19 0
22 10 22 6 15 13 22 24 8 0
23 19 9 6 26 20 3 15 5 1 0
24 2 11 10 1 0
25 1 9 6 10 2 15 0
26 24 5 5 25 2 19 10 9 20 0
0
30 22 24 5 7 21 21 15 18 13 20 12 26 5 7 21 1 3 1 17 16 8 8 8 19 15 2 25 2 20 7
93
1 51 0
2 61 0
3 46 78 6 56 27 72 80 10 66 0
4 21 61 80 0
5 72 54 82 73 70 34 26 79 60 0
6 64 17 86 59 0
7 84 5 42 21 3 7 22 30 6 23 0
8 48 89 19 6 74 28 0
9 4 54 49 78 60 69 34 0
10 35 87 75 74 0
11 18 74 24 27 56 86 42 0
12 49 87 55 56 51 0
13 50 0
14 26 30 5 46 45 11 0
15 65 54 36 93 3 68 7 0
16 4 69 93 87 5 71 45 33 20 0
17 59 88 12 79 0
18 58 35 93 81 43 79 24 0
19 78 44 32 36 31 80 41 0
20 46 60 2 53 6 87 21 61 33 0
21 12 77 91 35 72 47 0
22 14 82 5 48 23 53 92 86 60 5 0
23 78 40 69 23 89 13 30 92 18 0
24 11 62 14 0
25 86 35 0
26 66 66 52 9 61 56 41 23 4 40 0
27 2 58 90 81 7 20 35 2 17 69 0
28 86 14 0
29 30 9 79 12 72 84 26 31 3 47 0
30 58 40 10 86 14 47 2 0
31 17 76 57 15 50 36 54 22 0
32 35 15 31 15 64 0
33 29 66 30 18 15 5 0
34 50 29 78 71 0
35 8 4 16 42 24 46 15 0
36 45 58 50 42 88 88 27 85 0
37 77 6 16 79 25 68 74 0
38 80 14 49 62 12 16 4 83 0
39 43 2 31 41 0
40 77 36 57 52 13 48 20 20 0
41 62 51 62 11 17 6 0
42 42 0
43 61 0
44 87 0
45 67 42 39 66 71 8 61 0
46 27 58 36 74 74 20 73 29 0
47 61 37 56 78 69 91 42 35 67 30 0
48 17 12 22 64 18 82 56 80 26 0
49 56 69 65 9 27 18 38 0
50 47 71 14 91 58 2 37 75 50 0
51 20 50 0
52 61 44 31 18 50 52 82 58 26 57 0
53 37 52 5 16 72 66 51 0
54 63 35 43 6 68 89 49 0
55 71 19 62 92 10 7 34 0
56 16 20 0
57 42 33 42 61 61 0
58 57 42 61 78 1 50 68 0
59 41 67 58 60 35 37 30 0
60 43 17 14 35 9 60 64 83 7 0
61 35 12 0
62 78 32 21 50 33 81 0
63 10 0
64 6 0
65 32 84 20 41 0
66 35 55 57 20 85 24 57 58 58 0
67 33 50 0
68 60 37 40 46 9 48 38 0
69 26 47 17 10 0
70 32 82 93 55 29 21 7 0
71 42 37 72 3 30 78 45 28 0
72 41 0
73 70 39 84 16 34 17 0
74 81 83 44 36 7 29 51 57 37 63 0
75 84 30 83 72 68 36 7 15 50 0
76 92 90 6 46 5 88 40 92 87 0
77 8 67 50 72 44 3 51 0
78 82 20 82 0
79 53 77 15 42 33 65 15 54 6 13 0
80 58 12 0
81 4 47 79 52 26 13 0
82 17 55 73 8 66 82 60 70 0
83 44 62 0
84 78 1 91 15 75 19 0
85 38 70 92 2 39 66 39 8 51 9 0
86 11 9 2 53 93 0
87 70 13 58 39 72 0
88 46 80 47 0
89 80 45 73 1 7 42 85 33 63 47 0
90 36 48 50 35 80 44 69 0
91 47 35 57 31 19 21 0
92 92 46 69 78 79 71 48 69 0
93 80 0
0
1 1
73
1 72 48 12 11 1 6 22 56 16 70 0
2 67 34 20 47 54 45 51 0
3 66 52 67 67 0
4 34 11 25 56 48 10 41 0
5 52 1 10 59 71 0
6 47 11 0
7 22 9 34 67 68 43 62 57 37 0
8 8 0
9 57 9 37 50 20 57 56 65 1 68 0
10 51 56 34 0
11 58 6 13 66 56 57 0
12 52 29 59 10 1 13 54 0
13 9 6 14 5 10 41 66 0
14 32 32 52 72 5 47 58 22 30 0
15 56 21 45 19 47 6 56 4 0
16 4 6 4 61 31 69 34 36 2 0
17 16 64 52 61 0
18 1 14 2 49 0
19 55 35 33 22 40 4 63 62 55 73 0
20 71 34 0
21 3 32 8 69 72 12 28 0
22 52 47 23 63 0
23 47 49 0
24 33 40 8 42 34 71 0
25 63 42 7 49 42 31 51 50 5 0
26 45 18 31 57 37 67 66 63 69 0
27 64 51 71 32 21 68 19 66 0
28 64 52 39 8 14 73 68 4 42 0
29 14 10 28 46 32 59 0
30 10 2 13 31 44 53 50 43 0
31 61 65 26 0
32 50 37 66 31 20 28 41 0
33 28 45 71 27 32 73 0
34 58 21 15 4 70 66 39 5 0
35 34 43 4 57 13 68 48 50 19 52 0
36 51 14 0
37 13 59 19 67 5 34 35 68 0
38 72 69 34 43 35 26 72 29 0
39 39 51 41 70 7 12 0
40 7 41 40 67 65 26 6 0
41 36 4 5 34 0
42 56 6 72 28 0
43 56 46 62 52 41 66 9 70 0
44 2 48 21 22 0
45 52 50 64 29 7 48 14 12 0
46 10 64 14 9 0
47 57 55 9 14 54 7 13 12 68 0
48 16 62 39 48 12 66 9 12 44 0
49 9 72 31 32 14 0
50 29 12 38 61 32 0
51 26 16 7 35 37 37 25 25 22 7 0
52 18 60 8 55 0
53 48 51 0
54 48 33 61 31 53 0
55 47 9 4 64 0
56 16 32 0
57 15 14 23 9 55 60 69 0
58 9 0
59 50 8 45 7 54 45 0
60 43 35 26 49 54 0
61 37 62 72 50 10 52 63 0
62 13 1 31 28 65 4 10 55 4 30 0
63 52 15 51 4 47 6 0
64 14 4 0
65 25 39 56 7 0
66 4 20 20 68 25 62 72 0
67 31 0
68 31 10 28 44 35 69 19 10 12 14 0
69 69 69 0
70 55 22 65 23 3 62 0
71 45 53 73 39 13 38 62 42 11 0
72 63 24 0
73 40 59 2 44 39 47 35 32 41 0
0
74 16 6 61 16 17 36 59 35 23 69 23 40 67 59 9 11 21 8 72 16 38 43 35 45 3 23 57 24 28 17 29 19 71 63 10 72 45 61 59 68 9 1 73 20 54 61 46 51 47 60 67 3 22 23 39 35 27 51 23 30 49 45 47 4 12 58 41 1 38 14 15 16 42 46
0
