20
8 2744 3968 4563 4611 5055 7771 8428 8989
9 456 983 1341 1968 2749 3246 3603 8362 8630
15 305 400 2176 3413 3989 4141 4991 5241 5311 5756 6035 6123 6292 6660 8935
8 2738 3526 4109 4440 6408 8988 9391 9921
5 4100 4555 4683 6322 9088
15 499 1569 2803 2973 3748 4316 4859 4963 5303 5814 5978 6029 6276 7502 8662
3 1446 2250 5092
5 4181 6979 7992 8645 9667
3 3300 5106 7298
14 591 610 1793 1892 2039 2382 3353 5008 5623 6010 8067 8425 8509 8743
10 1614 1931 2194 4711 4952 5991 6961 7190 7434 9957
11 882 1582 2268 2877 3582 4452 4852 8442 9090 9126 9933
7 2546 2842 3276 3866 4668 5934 7553
16 636 703 1290 2014 2925 4419 6338 7230 7328 7505 8685 8942 9378 9572 9773 9895
7 2722 3852 6240 8373 9001 9078 9881
19 1109 1619 2425 2471 2570 2900 3192 3697 5259 5418 5524 6328 7315 8039 8338 8525 9098 9108 9810
0
5 1452 3300 4928 6100 9523
14 1256 1656 1969 3739 3959 4415 5135 5891 6446 6528 8138 8476 8716 8831
15 90 220 1038 2286 2323 2513 3406 3508 4540 4798 5147 6187 7226 8642 9120
7 1745 2020 2061 6879 7040 7807 9223
4 3989 4644 7727 9668
3 1789 2781 6914
17 396 653 1546 2094 2975 3408 3678 4139 4937 4943 5250 6687 7087 7834 8502 8678 9864
16 1780 2120 2743 3111 4507 4520 5172 5502 6198 6380 7249 7997 8283 8329 8452 8481
5 2944 3198 4499 4697 7527
2 4492 6383
19 328 568 578 709 756 845 1178 2107 3485 3770 5648 5774 6211 6501 6775 7372 7446 9851 9885
15 394 489 1211 2343 2670 2689 2865 3289 3382 3394 4129 5423 5762 8374 8825
18 234 339 581 806 1128 1705 3610 3612 3734 3960 4715 4831 6246 6453 6501 7400 7606 8199
16 91 482 709 1722 3051 3199 4543 4810 5032 5720 7248 7893 7929 8934 9121 9698
14 1626 1859 2316 3272 4913 5349 5660 5816 6085 6340 7151 9029 9082 9887
19 199 421 907 2916 3957 4420 4964 5326 5560 5578 5650 5800 5862 6028 6347 6832 7823 9893 9931
9 1175 3406 3777 5213 6418 7904 8118 8493 9826
14 845 1124 2417 2774 3604 3822 4510 4818 7976 8241 9388 9809 9907 9977
0
4 8872 9605 9811 9880
9 67 452 3406 3534 4911 5023 5289 8316 9278
18 78 102 205 297 378 417 1145 2922 3522 3918 3949 4970 5775 8271 9082 9132 9455 9985
4 538 639 4033 8745
15 77 182 245 1866 2203 2234 3936 4804 5678 6719 7324 7438 7884 8656 9916
13 2134 2611 2650 2671 5070 5381 5486 7034 7580 7916 9172 9298 9640
0
5 5738 5907 7844 8978 9413
16 461 999 1349 1686 1904 2028 3115 3919 6264 6379 6418 6529 7609 9054 9180 9657
5 1199 3060 4037 5467 6496
6 3767 5856 6880 7371 8394 9037
8 436 1256 1277 2776 2963 6736 9352 9902
0
11 222 419 700 2010 3266 5373 5761 7118 9560 9762 9982
5 498 4209 5753 8792 8820
19 83 1736 1835 3347 3602 3739 4220 5048 6268 6425 6485 6858 7330 7440 7544 8969 8988 9434 9852
5 109 1087 6843 6890 8267
17 466 677 1139 1430 1520 2213 2874 3061 3281 4258 4410 4572 6627 7059 8846 9062 9305
12 610 863 989 1371 2371 3534 4147 5284 5331 7449 7752 8048
4 1123 5074 5781 6013
9 745 866 1333 2174 4684 5380 5437 6866 8354
18 253 359 1055 2613 3145 4268 4463 4925 5042 5943 6107 6221 6833 7594 7625 8385 9260 9612
6 2480 2802 3667 7186 7778 8813
9 986 2384 5455 5532 5614 7057 7908 8347 8673
