2048
0
1
2
3
4
5
6
7
8
9
10
11
12
13
14
15
16
17
18
19
20
21
22
23
24
25
26
27
28
29
30
31
32
33
34
35
36
37
38
39
40
41
42
43
44
45
46
47
48
49
50
51
52
53
54
55
56
57
58
59
60
61
62
63
64
65
66
67
68
69
70
71
72
73
74
75
76
77
78
79
80
81
82
83
84
85
86
87
88
89
90
91
92
93
94
95
96
97
98
99
100
101
102
103
104
105
106
107
108
109
110
111
112
113
114
115
116
117
118
119
120
121
122
123
124
125
126
127
128
129
130
131
132
133
134
135
136
137
138
139
140
141
142
143
144
145
146
147
148
149
150
151
152
153
154
155
156
157
158
159
160
161
162
163
164
165
166
167
168
169
170
171
172
173
174
175
176
177
178
179
180
181
182
183
184
185
186
187
188
189
190
191
192
193
194
195
196
197
198
199
200
201
202
203
204
205
206
207
208
209
210
211
212
213
214
215
216
217
218
219
220
221
222
223
224
225
226
227
228
229
230
231
232
233
234
235
236
237
238
239
240
241
242
243
244
245
246
247
248
249
250
251
252
253
254
255
256
257
258
259
260
261
262
263
264
265
266
267
268
269
270
271
272
273
274
275
276
277
278
279
280
281
282
283
284
285
286
287
288
289
290
291
292
293
294
295
296
297
298
299
300
301
302
303
304
305
306
307
308
309
310
311
312
313
314
315
316
317
318
319
320
321
322
323
324
325
326
327
328
329
330
331
332
333
334
335
336
337
338
339
340
341
342
343
344
345
346
347
348
349
350
351
352
353
354
355
356
357
358
359
360
361
362
363
364
365
366
367
368
369
370
371
372
373
374
375
376
377
378
379
380
381
382
383
384
385
386
387
388
389
390
391
392
393
394
395
396
397
398
399
400
401
402
403
404
405
406
407
408
409
410
411
412
413
414
415
416
417
418
419
420
421
422
423
424
425
426
427
428
429
430
431
432
433
434
435
436
437
438
439
440
441
442
443
444
445
446
447
448
449
450
451
452
453
454
455
456
457
458
459
460
461
462
463
464
465
466
467
468
469
470
471
472
473
474
475
476
477
478
479
480
481
482
483
484
485
486
487
488
489
490
491
492
493
494
495
496
497
498
499
500
501
502
503
504
505
506
507
508
509
510
511
512
513
514
515
516
517
518
519
520
521
522
523
524
525
526
527
528
529
530
531
532
533
534
535
536
537
538
539
540
541
542
543
544
545
546
547
548
549
550
551
552
553
554
555
556
557
558
559
560
561
562
563
564
565
566
567
568
569
570
571
572
573
574
575
576
577
578
579
580
581
582
583
584
585
586
587
588
589
590
591
592
593
594
595
596
597
598
599
600
601
602
603
604
605
606
607
608
609
610
611
612
613
614
615
616
617
618
619
620
621
622
623
624
625
626
627
628
629
630
631
632
633
634
635
636
637
638
639
640
641
642
643
644
645
646
647
648
649
650
651
652
653
654
655
656
657
658
659
660
661
662
663
664
665
666
667
668
669
670
671
672
673
674
675
676
677
678
679
680
681
682
683
684
685
686
687
688
689
690
691
692
693
694
695
696
697
698
699
700
701
702
703
704
705
706
707
708
709
710
711
712
713
714
715
716
717
718
719
720
721
722
723
724
725
726
727
728
729
730
731
732
733
734
735
736
737
738
739
740
741
742
743
744
745
746
747
748
749
750
751
752
753
754
755
756
757
758
759
760
761
762
763
764
765
766
767
768
769
770
771
772
773
774
775
776
777
778
779
780
781
782
783
784
785
786
787
788
789
790
791
792
793
794
795
796
797
798
799
800
801
802
803
804
805
806
807
808
809
810
811
812
813
814
815
816
817
818
819
820
821
822
823
824
825
826
827
828
829
830
831
832
833
834
835
836
837
838
839
840
841
842
843
844
845
846
847
848
849
850
851
852
853
854
855
856
857
858
859
860
861
862
863
864
865
866
867
868
869
870
871
872
873
874
875
876
877
878
879
880
881
882
883
884
885
886
887
888
889
890
891
892
893
894
895
896
897
898
899
900
901
902
903
904
905
906
907
908
909
910
911
912
913
914
915
916
917
918
919
920
921
922
923
924
925
926
927
928
929
930
931
932
933
934
935
936
937
938
939
940
941
942
943
944
945
946
947
948
949
950
951
952
953
954
955
956
957
958
959
960
961
962
963
964
965
966
967
968
969
970
971
972
973
974
975
976
977
978
979
980
981
982
983
984
985
986
987
988
989
990
991
992
993
994
995
996
997
998
999
1000
1001
1002
1003
1004
1005
1006
1007
1008
1009
1010
1011
1012
1013
1014
1015
1016
1017
1018
1019
1020
1021
1022
1023
279889734212627
709931700717685
886283920004246
259625391874853
497771828788460
388295356483514
881881868088208
751661223202343
297251750972815
451250478074074
686025262630827
381403156867321
687533409052586
1124148733310847
450016351134717
77916001755188
500988887162011
959902431345733
474335538300917
268763069479389
190054951169074
258971218471329
1057686541837648
196348142565973
856764056155779
600296190564592
885682511409439
180130973943634
1103987969834240
536806487469477
259849372595482
612109447815489
693973347463472
697013571096895
867395176363929
997897375921117
789641205904003
228111465942882
1056729284814605
357049680941887
1099440733800064
903612128738256
247610118101318
561425990143185
201631790141364
749749544515799
912316440001295
89095332966306
498704850972782
441652985847720
1109056023101014
88845894756303
531991448568734
731199838428148
1104617856193459
707366473825631
697548568867531
146973816298699
470174588241720
857088786987879
1029707854414113
596936651285392
673985814987583
990105031093572
617811258234980
1076119376409399
895088275130109
104855742187127
646051185971523
465601578272262
448208444212583
233479501772639
699197843220567
620704427790596
667115845305737
23571303305361
624181996244184
350312842956055
905388449322017
741495656922016
635028328228549
798052748896651
196348565723123
686834769215871
1011874796565188
1103009294221680
237889823454793
144135455414231
746625227234441
473053224654289
543228645626891
1063238017072571
161468771429099
759685581814294
1077066139415291
775454315585982
854354682188784
159270749142409
121693848448938
306280796625507
303050612643869
1778583599166
1031593300311941
542662463117336
449505750199518
788687574262842
350142773838499
33782694565761
444273766416344
42842416125269
430429513220747
221929898473947
368071285672365
197833658958467
515920137502846
931659232073284
141357471273254
468535318713990
7781411131356
966587064341708
147600261356780
149718384808571
553812826318746
1040757445072841
555628528022713
884560110525011
192082989719301
198376982699872
545541204682376
478830638454441
954875171514042
268538910254196
761244355215613
825585176288998
975346858336289
432112997953096
978962012790025
226293912850610
401088574635637
744117979550683
188401917254964
763623569294775
24468589855727
552091868099130
179267617265066
740327369544140
123789732595099
88309032925003
1020751586131104
376430662821943
939311790409019
10951481656693
54326863528478
160255638804696
924079443520978
402672886561112
67346415309558
632415319687690
888145547418653
505626336357090
823274090245852
310652283684277
89745952568718
778982289385889
948765465728074
287884912889627
857308147823060
257114467592100
1115589158622045
353149830018144
463419608650271
1053735554016273
830652232832162
862270431961192
879294981348549
658413038950394
595863962226482
650459440778997
348326461409725
1023782613625797
310900294670331
358193567111322
1027088666724007
624620445841124
33099814805450
36440313167938
107908013018569
1102899276683200
186837709188021
1098308890607395
917033941837230
1044502668929711
105989001164532
118631892687897
457606979424329
1051353805548879
1107332115901045
574077314007378
847728775376921
288491087945800
3187955617595
922874862745886
847348670095843
277916202595631
387471264785909
1034757550465885
365072409305068
419303351080031
230786657871652
829920404690922
149251785754099
812706393462430
88317024599859
402024482221717
700364142796413
868324229787195
829468344386749
992800330557660
814293057066413
283995875344516
479853453767745
36330363774102
1065231052439134
140390117397872
874849395290487
755814114317803
186156974574535
1054842394821685
984188685971407
510198381014169
894663538119124
840812793366636
540842733622171
473884217689448
676267425926003
1088755659630961
997469254391033
568450436191386
354894982864319
434788334385508
611982393918957
40829979704471
398291574478949
88888695315122
326292354793982
217176735497424
747202019533681
1061760599336937
1052541158079701
38092170452921
306402449926234
653822705735434
61041459304550
543653445034667
278328322100882
926302126865309
185695732634717
704705304379884
550305324104675
634296397395820
918314825772531
926509672117719
530318592665961
495601232118548
50889081874878
891023028185739
915862187516291
543801389573567
830510932228383
281795712629683
254785847969661
312428150058339
396004630324315
460450362292929
957629238926054
286323417399084
210060240207890
676383728654259
890944166462605
708773234479035
116469012454030
740907233275481
543998635970291
1018481190145291
231082431966095
961417803601449
818114863699702
839308196535717
1029586423402594
611651718868281
156925039965022
112982142131246
835057628724111
1125312458217016
233340937611525
406920774015850
964884826969541
72729178987850
424713214919835
952417018407704
784001882543239
1022002896399498
376340434647964
16714627997148
691604566248581
122124976722949
248450170613527
965411312448130
190325581005642
202519526857623
321012227602498
534302510127285
351233905291945
506398633850043
370902271066665
904948559336867
326979926304545
904540580422463
435910158804313
135754910765268
410655442843163
246738353180767
609524775985562
860099251647052
424983004261526
894099794603832
799920149484396
1006844762084703
334313535109645
1029197878360600
275749232355346
753713835164277
742180066952343
424823253294862
126042800025249
787084413535618
978896600342283
807740458219643
421433399953385
623007934249593
24021113834033
687628414812825
309551678108982
358442517028736
1024183960919497
546797072847335
955258458839168
1083547771764962
8463501812515
416729911857225
903015622162817
1116859917049412
442610753534127
1038966035330574
700232251852860
1069644476019707
431432087373161
40901147021716
586131811845826
826337404471122
113239147987394
10047732075313
548641494736417
113162321197688
344485066268021
862061780008091
842447457588770
1078775795464715
1123843461988358
1123367258392799
33955759216444
1086585535477270
405394293961517
672795556616092
118751058001843
976046121618662
702723545948217
350104121820471
6997606396809
681254132435218
1069366937918205
1075321521954122
860246818306927
302646835247115
654943852212241
876156473735106
1059367056846908
986148106160495
32093974146284
518594577551006
1080077199500564
579525394657284
112987016613463
1065405683948239
817277172470954
597076561874805
559903413938746
356261154532744
24477023649287
143402115903683
807969212319559
375059454901638
205571962201441
910116207913605
159046393443103
345270017723792
570263100229710
668562901381056
419263239097341
167632275230076
508483922842722
655691838008383
813797398915099
645922593892961
117437232706547
603609939034455
65547843605685
734833616684080
650856304838479
1000537362263267
492398311695103
713245990139656
109267174684214
222405844276894
651379890386000
480894556412181
392654959841897
121648395707796
213326814477264
445905068892479
895171667041942
1331839211846
1017639931932309
276375847274211
922977936908092
576141765860920
1051516892486480
711656341285551
168868681624164
626048209341291
283015148356275
580470562145200
174733851551536
693412951572750
722668890750827
689088431670750
495104025988395
63625477102274
797615965602460
148110668504264
455044887167717
837482945161103
649119426586910
51778439646024
31472115854501
967239604014768
20193925445131
789041322620032
1056282238090894
312154782693737
461054438697635
909616629054776
979100050251572
1042049768217149
680939771041255
999369674867031
220790619555998
380032213333355
493391129607294
469856475118529
902254249177151
39766447264388
479610952138997
1122414942582171
338635531286590
742809676755354
581893889940645
905156627817120
473263252708342
647774141287409
376176613039307
832310630020971
770300486790908
931184178896111
740602806945849
142808319937169
498008561425955
934504716518769
919847729513708
512132730158117
895521981857626
173562490158312
4872990546855
866563663136772
471249347987620
727732906885974
684830550537212
732983771760559
333446445845476
585476466345018
1032557234655123
825422162478763
976702270537408
202522841087485
794383072146099
393770030874979
73349277454663
47735529015072
89280941836976
989768645764340
318263910185461
178264433191200
1009858078325541
1039511230186152
486966109470931
197534238235666
935008273000952
95732344561844
850631359643293
773880482772239
997813623582356
1080222711350462
789245709579575
1072802385355636
353549654689433
1108511108179616
806179712909638
488981829400696
1082467945800760
452413739841978
844470242171469
1087399934640375
1063160277502080
899638497660235
743747354079968
1007346633886520
413619174740896
1093530174301588
110219317980335
128068915225716
263240518643916
1079153610028368
92985286199883
975600250668662
571519778105488
1114273362088019
740332169305078
651881965316336
230362584280798
199792645343921
654699860472022
4709536519159
826843894748865
416026792440668
392198115350488
534703281292606
420339673695372
526332665819835
362610846077639
25925276149912
540018399114487
837546176634308
18094927881240
117367814166243
965567944450430
403701573932236
723505983512139
936536060487833
733663308214092
53752704486764
67530266800544
190377627084734
130155751760311
355312588064401
560121879422531
242545969027684
661462640189402
295650323121929
764191101998827
351358784573410
407573311664917
702349877942135
961707360158212
489426550987536
866154022773254
460521732244821
658332784915453
592835541126599
1103509986949045
313955573518612
494193593708303
1048371289974309
42861034657122
850811756648506
287911120794728
138995932040573
780160414629170
845669369269173
878741209983860
948705537890077
647914637673512
953496750967586
1097298780615340
85635331871653
688363441028790
705898063842720
1108210185044462
584115362618764
925426386969464
231034712762101
359241737239273
761441996642880
126304183765165
402235989924021
168748814682904
315311740561442
762654783870982
309926127016996
1008450660424133
981420680762309
513170086419695
961399627091316
94151159674223
823503009295489
896381994802187
96775118918076
1102807061061406
371158029025022
274748164206100
317578441706760
1010907213977093
504108445462067
42161478151513
533150756033235
937859152883076
883541115461229
341327457381262
192646112134922
212185649138055
639139524775791
323670387374444
97757726689787
625895642546745
754677616867108
841736957954931
549932919770531
137566939047307
280144262358327
715336187301147
374295495762963
700599753673255
938335322052753
50389794865599
16797371721002
645547575295444
649761486486848
919937318425514
548468297485503
595727544673551
165445664003633
656206208408161
895044744007696
731339695872525
418433199850932
822607059941375
175630831538971
1014640823546737
567797562736871
110520966182840
399184139929209
273464543296005
391194060090077
306818843366629
29193613940617
554470091027587
178898350350663
744491891727781
834631693489912
768372394730533
1094423339578205
143291001820895
731737344094508
158856038685578
369615611715508
778026642147245
931070923754517
61164574537171
568454001713959
163153671045626
75112052349807
153865032912642
135091916201098
389415520331793
725783217597726
1118120931144631
484317204648409
1028218670309996
14730536768295
81725670083317
919949910280739
487768730280734
1117431632947904
595370624309644
1066515324801212
778610372980516
228613918410576
159455993613247
757063844926033
151005884471329
839665167700275
1025412193266269
650158235868442
338481870452556
531559612155801
851180209791527
291556090974498
76411899292770
380622974738232
332887916251002
324839831818705
540811010689195
1124344914352976
1124193151106381
363091110915463
728611662817443
901682007700514
246489401701863
470958688268469
73652580397843
26121846394727
360305516083093
528113000972466
655239970752454
163862319979501
779861433757685
787835988171284
271987942594247
804784268477993
285187654183715
728869728046607
1085206695087659
687992790968231
517924342659940
665301421010920
133279378133551
1109692833044050
774783580315920
1066349274862637
236107249529739
788204978142267
468279655788405
420928685284253
721787581660062
46403970817345
844354946604264
1089536321584666
170050619716041
617281023315786
603983034544522
881605739247752
676998402652270
17187806284874
1075543987349180
1038464983170911
551237398628772
1074225990815751
577844870273052
866320359253337
1015384862805791
947593239614430
762582197326702
479751129518634
948512853057869
626805263129891
572246848119240
142897163135885
139451373974348
738491558781853
1095814633654307
330245074104185
847043968153955
1024279293590778
910578754315911
815080792212180
95038717679274
280993112929137
943593765146713
271262843058730
915487202361782
77514581584097
832138890061647
500997000115641
984317451366511
361908566121625
1065443098328647
519220744624094
487350672393847
748374724614867
323382286989742
378487035335343
475255385986276
941615860609748
745068851053352
275631494107926
801791858513355
948519405477952
973583189487158
848317040364678
143597391222152
707556033129036
1103327406443640
941801066020606
646978741841324
1037761413636940
568260695033956
319249617872509
579884724678849
932623809090068
186860863137093
419271489209090
1045293646941185
1080587844253868
1089852845166576
427883788766006
493602027749691
217536732708113
688789380284171
1070091987131160
485669557181690
855920347938596
263832269625110
607559023352662
998512298599578
350808261212447
233706726179397
300274372576200
215698554147458
743177919902002
252630118842633
1036437581628926
128426485826018
434745911906162
184884317179094
724670853573365
656332726012073
992541736190287
719032412632878
351947724254665
974367666380740
56490591583752
202492595540340
531771124997272
749183499838205
448605746789192
865709283335531
199907812017119
714181951932720
1030643451132989
545007394976516
275158000589520
1064378419216289
1010401656857974
841506028620711
234943165136010
998433345989896
320788802114825
930030305255810
114773712378810
1097743523697750
274865681188163
168281376749584
377728843015559
527690113555773
496194027121609
357602301500808
624423604649509
331903584644706
970068407089578
22111734840767
584610578704125
476636509690097
35639037526268
162725961324314
429025660084217
662856496603018
382427026468456
218079221561523
942728168879629
1110041403729883
191078846269465
485569956586920
640933466956447
317652399817808
198151953268779
384777675672390
1018933556325596
453466659904485
279547247623111
707382780066132
411614218198297
875138344186297
944402073838396
629563513248578
596210641199551
913847647393251
364240624639126
236047961267396
483843450774611
392423218744411
26160810152354
731541297890897
913866873769618
61886998057684
929519666355578
115924374185473
315505287642702
118276907734857
1045001868428941
209250412312094
240412322888544
773181431374582
256643030078084
367690110082944
60867744443370
587007848376173
1003135498178620
954946084496677
868167966526213
654012927910362
925351978581170
77080679115098
496538920457607
398654188164278
82871517664965
784361412630868
26865221173023
909074548892609
1055356028245104
173544474319006
479093711202767
636777794242292
379879473099791
607396417970656
1024347130017968
616139989329398
690081926434433
284725461051565
217334315329339
299371957897641
973687343973126
404305698013283
298818116474694
920211824202513
148384477119959
50410750976436
901324779849522
438982002466820
306150217376436
817476765879527
927449626953687
607393421440824
110386417721775
67138415261041
1011562220812891
227983915854645
1115981420027560
376449027790447
383984925772704
915719809731150
484445655050266
903586260468421
902747097393126
646113916460240
98944465250223
357042103699689
680970070166971
26960789068372
80523463006600
424442535614179
134709369199117
387836627292712
637148250506360
18750585335101
968196211402787
113709875962503
822321429035658
953864104510899
653797667269267
774775717939415
871824313123298
1104322396586687
91489903059921
131493059596040
270974869801204
320939683746007
812685017297148
540951699778070
730168109759333
585788075907374
905206226540152
1000000000000000000
999999999999999999
999999999999999998
999999999999999997
999999999999999996
999999999999999995
999999999999999994
999999999999999993
999999999999999992
999999999999999991
999999999999999990
999999999999999989
999999999999999988
999999999999999987
999999999999999986
999999999999999985
999999999999999984
999999999999999983
999999999999999982
999999999999999981
999999999999999980
999999999999999979
999999999999999978
999999999999999977
